1.702000 4.405000
1.019000 1.347000
2.302000 1.339000
1.476000 2.935000
3.658000 1.144000
2.442000 1.469000
0.961000 1.881000
2.017000 1.038000
1.890000 2.688000
3.008000 1.942000
0.532000 2.902000
3.043000 3.467000
0.585000 2.810000
3.583000 2.167000
0.784000 4.341000
3.942000 3.046000
0.844000 0.642000
5.070000 1.657000
5.197000 4.188000
4.959000 3.461000
5.129000 3.695000
2.604000 5.039000
4.774000 3.002000
0.480000 4.961000
4.981000 2.826000
2.566000 4.886000
1.537000 1.217000
4.833000 0.967000
1.229000 5.811000
0.705000 1.055000
0.764000 0.956000
2.172000 4.233000
5.408000 1.062000
1.708000 5.947000
0.919000 2.387000
0.823000 0.963000
2.782000 4.637000
5.880000 1.172000
2.329000 0.297000
3.009000 5.029000
2.970000 0.512000
3.929000 4.803000
3.934000 4.631000
1.007000 4.504000
4.902000 1.952000
5.335000 0.428000
0.948000 5.527000
5.334000 2.261000
6.205000 1.377000
0.744000 5.890000
5.756000 3.166000
0.867000 5.812000
0.738000 1.036000
0.504000 1.942000
1.179000 0.483000
2.505000 1.146000
0.746000 3.328000
0.946000 3.590000
1.179000 1.219000
4.964000 5.344000
1.416000 5.147000
4.936000 4.957000
2.636000 5.230000
4.957000 0.788000
