#frame   mol 0
#    0      NA
    1   0.000
    2   1.432
    3   1.583
    4   1.799
    5   1.754
    6   1.743
    7   1.801
    8   1.588
    9   1.560
   10   1.699
   11   1.794
   12   1.706
   13   1.739
   14   1.986
   15   1.903
   16   2.129
   17   2.068
   18   2.167
   19   2.175
   20   1.996
   21   2.047
   22   2.140
   23   2.214
   24   2.154
   25   2.353
   26   2.234
   27   2.153
   28   2.358
   29   2.298
   30   2.457
   31   2.359
   32   2.277
   33   2.384
   34   2.225
   35   2.397
   36   2.448
   37   2.353
   38   2.463
   39   2.696
   40   2.504
   41   2.357
   42   2.561
   43   2.555
   44   2.678
   45   2.616
   46   2.470
   47   2.389
   48   2.136
   49   2.147
   50   2.472
   51   2.819
   52   2.476
   53   2.650
   54   2.577
   55   2.351
   56   2.663
   57   2.294
   58   2.098
   59   2.144
   60   2.091
   61   2.153
   62   2.013
   63   2.002
   64   1.937
   65   2.040
   66   2.106
   67   2.310
   68   2.007
   69   2.228
   70   2.296
   71   2.248
   72   2.209
   73   2.380
   74   2.386
   75   2.076
   76   2.308
   77   2.243
   78   2.323
   79   2.279
   80   2.223
   81   2.211
   82   2.312
   83   2.294
   84   1.960
   85   2.103
   86   2.041
   87   2.105
   88   2.093
   89   2.132
   90   2.080
   91   2.161
   92   2.247
   93   2.420
   94   2.138
   95   2.419
   96   2.477
   97   2.360
   98   2.442
   99   2.278
  100   2.398
  101   2.444
  102   2.423
  103   2.489
  104   2.512
  105   2.496
  106   2.595
  107   2.736
  108   2.620
  109   2.567
  110   2.722
  111   2.566
  112   2.848
  113   2.753
  114   2.914
  115   2.521
  116   2.483
  117   2.592
  118   2.526
  119   2.712
  120   2.980
  121   2.786
  122   2.775
  123   2.764
  124   2.998
  125   2.665
  126   2.559
  127   2.820
  128   2.724
  129   2.739
  130   2.710
  131   2.713
  132   2.861
  133   2.950
  134   2.681
  135   2.747
  136   2.783
  137   2.810
  138   2.784
  139   2.570
  140   2.618
  141   2.510
  142   2.735
  143   2.848
  144   3.137
  145   3.032
  146   2.891
  147   2.929
  148   3.123
  149   2.796
  150   2.739
  151   2.702
  152   2.932
  153   3.151
  154   2.870
  155   2.916
  156   3.052
  157   2.879
  158   2.966
  159   2.987
  160   3.131
  161   3.013
  162   3.308
  163   3.429
  164   3.015
  165   3.009
  166   3.004
  167   3.023
  168   2.897
  169   3.044
  170   3.084
  171   3.279
  172   2.988
  173   3.096
  174   3.321
  175   3.361
  176   3.626
  177   3.464
  178   3.532
  179   3.418
  180   3.147
  181   3.512
  182   3.448
  183   3.440
  184   3.539
  185   3.456
  186   3.259
  187   3.320
  188   3.423
  189   3.781
  190   3.732
  191   3.505
  192   3.637
  193   3.760
  194   3.604
  195   3.546
  196   3.593
  197   3.630
  198   3.342
  199   3.479
  200   3.537
  201   3.668
  202   3.454
  203   3.209
  204   3.630
  205   3.420
  206   3.512
  207   3.487
  208   3.575
  209   3.710
  210   3.738
  211   3.462
  212   3.493
  213   3.712
  214   3.757
  215   3.836
  216   3.630
  217   3.780
  218   4.114
  219   3.718
  220   3.498
  221   3.481
  222   3.552
  223   3.416
  224   3.561
  225   3.655
  226   3.921
  227   3.589
  228   3.632
  229   3.616
  230   3.437
  231   3.474
  232   3.313
  233   3.635
  234   3.734
  235   3.637
  236   3.771
  237   3.916
  238   3.854
  239   3.791
  240   3.872
  241   3.583
  242   3.823
  243   3.924
  244   3.756
  245   3.717
  246   3.685
  247   3.836
  248   3.737
  249   4.035
  250   3.825
  251   3.758
  252   3.790
  253   4.059
  254   3.884
  255   3.741
  256   3.726
  257   4.025
  258   3.792
  259   3.652
  260   3.734
  261   3.854
  262   4.157
  263   4.001
  264   3.850
  265   4.030
  266   3.834
  267   4.005
  268   3.658
  269   3.725
  270   4.106
  271   4.056
  272   3.922
  273   3.807
  274   3.803
  275   3.743
  276   3.787
  277   3.655
  278   3.752
  279   3.692
  280   3.865
  281   3.881
  282   3.664
  283   3.403
  284   3.473
  285   3.372
  286   3.634
  287   3.315
  288   3.455
  289   3.323
  290   3.763
  291   3.639
  292   3.703
  293   3.598
  294   3.673
  295   3.926
  296   3.668
  297   3.669
  298   3.452
  299   3.566
  300   3.529
  301   3.595
  302   3.639
  303   3.789
  304   3.619
  305   3.650
  306   3.579
  307   3.656
  308   3.779
  309   3.785
  310   3.704
  311   3.611
  312   3.524
  313   3.793
  314   3.919
  315   3.643
  316   3.599
  317   3.609
  318   3.819
  319   3.532
  320   3.519
  321   3.537
  322   3.579
  323   3.634
  324   3.717
  325   3.772
  326   3.626
  327   3.564
  328   3.476
  329   3.382
  330   3.583
  331   3.660
  332   3.495
  333   3.454
  334   3.514
  335   3.345
  336   3.720
  337   3.887
  338   3.685
  339   3.760
  340   3.891
  341   3.773
  342   3.713
  343   3.522
  344   3.710
  345   3.786
  346   3.684
  347   3.746
  348   3.654
  349   3.778
  350   3.762
  351   3.806
  352   3.621
  353   3.451
  354   3.709
  355   3.853
  356   3.838
  357   3.880
  358   3.939
  359   3.928
  360   4.052
  361   3.992
  362   3.852
  363   3.784
  364   4.082
  365   4.193
  366   4.050
  367   4.128
  368   4.069
  369   4.074
  370   4.075
  371   4.034
  372   4.171
  373   4.334
  374   3.988
  375   4.275
  376   4.246
  377   4.209
  378   4.169
  379   4.083
  380   4.231
  381   4.344
  382   4.258
  383   3.998
  384   4.183
  385   4.162
  386   4.205
  387   4.269
  388   4.281
  389   4.632
  390   4.495
  391   4.374
  392   4.251
  393   3.988
  394   4.086
  395   3.999
  396   4.067
  397   4.164
  398   4.012
  399   4.096
  400   4.118
  401   4.271
  402   4.227
  403   4.293
  404   4.074
  405   4.171
  406   4.309
  407   4.067
  408   4.103
  409   3.927
  410   3.969
  411   4.077
  412   4.088
  413   4.320
  414   4.110
  415   4.160
  416   4.172
  417   4.268
  418   4.295
  419   4.220
  420   4.237
  421   4.077
  422   3.999
  423   4.057
  424   4.015
  425   4.224
  426   4.047
  427   4.058
  428   4.182
  429   4.062
  430   3.781
  431   4.045
  432   3.769
  433   3.925
  434   3.964
  435   4.002
  436   4.030
  437   4.152
  438   4.125
  439   3.813
  440   4.079
  441   3.889
  442   3.742
  443   3.923
  444   3.830
  445   3.966
  446   3.997
  447   4.069
  448   4.078
  449   4.199
  450   4.306
  451   4.198
  452   3.898
  453   3.958
  454   3.816
  455   3.971
  456   4.137
  457   3.831
  458   3.852
  459   4.054
  460   4.117
  461   3.995
  462   4.037
  463   4.022
  464   4.126
  465   3.941
  466   3.993
  467   4.189
  468   3.947
  469   3.947
  470   3.923
  471   3.969
  472   3.821
  473   3.938
  474   3.928
  475   3.874
  476   4.109
  477   4.233
  478   4.036
  479   3.919
  480   3.994
  481   4.108
  482   4.058
  483   4.227
  484   4.296
  485   4.162
  486   4.260
  487   4.176
  488   4.330
  489   4.016
  490   4.351
  491   4.255
  492   4.207
  493   4.501
  494   4.593
  495   4.312
  496   4.252
  497   4.347
  498   4.305
  499   4.260
  500   4.217
  501   4.084
  502   4.067
  503   4.058
  504   4.142
  505   4.134
  506   4.173
  507   4.088
  508   4.299
  509   4.431
  510   4.503
  511   4.329
  512   4.179
  513   4.246
  514   3.968
  515   3.929
  516   4.300
  517   4.244
  518   4.207
  519   4.116
  520   4.270
  521   4.062
  522   4.151
  523   4.105
  524   3.881
  525   3.982
  526   4.268
  527   4.293
  528   4.032
  529   3.983
  530   3.792
  531   3.870
  532   3.878
  533   3.985
  534   3.916
  535   3.964
  536   4.092
  537   4.128
  538   3.993
  539   4.188
  540   4.127
  541   3.911
  542   3.993
  543   3.859
  544   4.200
  545   4.354
  546   4.282
  547   4.133
  548   4.134
  549   3.887
  550   3.939
  551   3.933
  552   4.025
  553   3.964
  554   4.221
  555   3.996
  556   4.175
  557   4.127
  558   4.224
  559   4.102
  560   3.936
  561   3.935
  562   3.781
  563   3.923
  564   3.858
  565   3.933
  566   3.972
  567   4.151
  568   4.315
  569   4.126
  570   3.868
  571   3.892
  572   3.981
  573   3.922
  574   4.024
  575   4.020
  576   3.887
  577   3.846
  578   3.909
  579   3.791
  580   3.912
  581   3.895
  582   4.106
  583   3.930
  584   4.174
  585   4.104
  586   3.910
  587   3.882
  588   3.925
  589   4.045
  590   4.162
  591   3.958
  592   3.977
  593   4.297
  594   4.132
  595   4.146
  596   4.121
  597   4.178
  598   4.189
  599   4.059
  600   4.199
  601   4.626
  602   4.406
  603   4.335
  604   4.335
  605   3.930
  606   4.375
  607   4.524
  608   4.515
  609   4.356
  610   4.508
  611   4.671
  612   4.462
  613   4.559
  614   4.342
  615   4.426
  616   4.318
  617   4.606
  618   4.443
  619   4.343
  620   4.510
  621   4.522
  622   4.323
  623   4.401
  624   4.734
  625   4.366
  626   4.258
  627   4.337
  628   4.368
  629   4.441
  630   4.356
  631   4.511
  632   4.472
  633   4.572
  634   4.647
  635   4.600
  636   4.542
  637   4.366
  638   4.431
  639   4.313
  640   4.218
  641   4.134
  642   4.208
  643   4.179
  644   4.304
  645   4.186
  646   4.176
  647   4.490
  648   4.147
  649   4.323
  650   4.332
  651   4.324
  652   4.217
  653   4.295
  654   4.271
  655   4.400
  656   4.516
  657   4.351
  658   4.365
  659   4.467
  660   4.641
  661   4.387
  662   4.634
  663   4.508
  664   4.586
  665   4.355
  666   4.351
  667   4.351
  668   4.319
  669   4.308
  670   4.341
  671   4.294
  672   4.328
  673   4.451
  674   4.555
  675   4.482
  676   4.458
  677   4.619
  678   4.373
  679   4.713
  680   4.579
  681   4.387
  682   4.470
  683   4.198
  684   4.184
  685   4.189
  686   4.321
  687   4.136
  688   4.261
  689   4.082
  690   4.046
  691   4.161
  692   4.298
  693   4.074
  694   4.082
  695   4.363
  696   4.234
  697   4.070
  698   3.886
  699   4.012
  700   4.071
  701   3.797
  702   3.981
  703   4.268
  704   4.224
  705   4.231
  706   4.093
  707   4.324
  708   4.581
  709   4.470
  710   4.399
  711   4.522
  712   4.640
  713   4.700
  714   4.488
  715   4.486
  716   4.623
  717   4.542
  718   4.513
  719   4.283
  720   4.027
  721   3.981
  722   4.307
  723   4.172
  724   4.238
  725   4.511
  726   4.446
  727   4.392
  728   4.468
  729   4.339
  730   4.607
  731   4.366
  732   4.448
  733   4.368
  734   4.343
  735   4.216
  736   4.176
  737   4.235
  738   3.905
  739   4.192
  740   4.462
  741   4.430
  742   4.444
  743   4.326
  744   4.101
  745   4.378
  746   4.086
  747   4.355
  748   4.067
  749   4.368
  750   4.479
  751   4.254
  752   4.340
  753   4.409
  754   4.302
  755   4.095
  756   4.361
  757   4.073
  758   4.181
  759   4.022
  760   4.101
  761   4.329
  762   4.114
  763   3.947
  764   3.978
  765   3.877
  766   3.902
  767   3.976
  768   4.174
  769   4.231
  770   4.153
  771   4.096
  772   4.169
  773   3.999
  774   4.115
  775   4.142
  776   4.153
  777   4.079
  778   4.044
  779   3.967
  780   3.873
  781   3.830
  782   4.044
  783   4.156
  784   4.437
  785   4.146
  786   4.231
  787   4.140
  788   4.327
  789   4.318
  790   4.263
  791   4.381
  792   4.408
  793   4.329
  794   4.356
  795   4.297
  796   4.436
  797   4.496
  798   4.425
  799   4.613
  800   4.647
  801   4.606
  802   4.742
  803   4.983
  804   4.897
  805   5.183
  806   4.891
  807   5.063
  808   4.960
  809   5.189
  810   5.210
  811   5.272
  812   5.096
  813   5.048
  814   5.028
  815   4.871
  816   4.913
  817   5.170
  818   5.179
  819   5.025
  820   5.085
  821   5.123
  822   4.819
  823   4.819
  824   4.592
  825   4.672
  826   4.782
  827   4.761
  828   4.742
  829   4.994
  830   5.222
  831   4.906
  832   5.098
  833   4.789
  834   4.770
  835   4.812
  836   4.932
  837   4.878
  838   4.935
  839   4.830
  840   4.903
  841   5.005
  842   4.660
  843   4.787
  844   4.843
  845   4.764
  846   4.773
  847   4.581
  848   4.878
  849   4.638
  850   4.635
  851   4.879
  852   5.092
  853   5.144
  854   4.667
  855   4.801
  856   4.716
  857   4.758
  858   4.814
  859   4.960
  860   5.030
  861   4.949
  862   4.738
  863   4.985
  864   4.951
  865   5.040
  866   4.741
  867   4.734
  868   4.803
  869   4.666
  870   4.754
  871   4.580
  872   4.887
  873   4.677
  874   4.788
  875   4.903
  876   5.033
  877   5.143
  878   5.214
  879   5.093
  880   5.208
  881   5.030
  882   5.313
  883   5.334
  884   5.264
  885   5.273
  886   5.314
  887   5.130
  888   4.944
  889   4.712
  890   4.805
  891   4.941
  892   5.070
  893   4.835
  894   4.763
  895   4.671
  896   4.679
  897   4.557
  898   4.924
  899   4.760
  900   4.639
  901   4.492
  902   4.779
  903   4.591
  904   4.659
  905   4.531
  906   4.686
  907   4.962
  908   4.865
  909   5.058
  910   4.964
  911   4.574
  912   4.434
  913   4.578
  914   4.416
  915   4.474
  916   4.518
  917   4.809
  918   4.715
  919   4.792
  920   4.999
  921   5.017
  922   4.851
  923   4.797
  924   4.828
  925   4.757
  926   4.471
  927   4.323
  928   4.295
  929   4.361
  930   4.444
  931   4.286
  932   4.332
  933   4.346
  934   4.248
  935   4.369
  936   4.299
  937   4.391
  938   4.440
  939   4.428
  940   4.626
  941   4.659
  942   4.816
  943   4.933
  944   4.724
  945   4.696
  946   4.522
  947   4.711
  948   4.824
  949   4.809
  950   4.681
  951   4.810
  952   4.775
  953   4.855
  954   4.706
  955   4.852
  956   4.778
  957   4.701
  958   4.726
  959   4.892
  960   4.847
  961   4.823
  962   4.639
  963   4.564
  964   4.606
  965   4.468
  966   4.426
  967   4.466
  968   4.270
  969   4.322
  970   4.386
  971   4.574
  972   4.631
  973   4.471
  974   4.672
  975   4.428
  976   4.628
  977   4.647
  978   4.737
  979   4.643
  980   4.657
  981   4.650
  982   4.524
  983   4.463
  984   4.765
  985   5.048
  986   4.696
  987   4.379
  988   4.706
  989   4.941
  990   4.363
  991   4.514
  992   4.512
  993   4.553
  994   4.424
  995   4.523
  996   4.590
  997   4.311
  998   4.591
  999   4.521
 1000   4.539
 1001   4.522
 1002   4.654
 1003   4.462
 1004   4.372
 1005   4.133
 1006   4.077
 1007   3.927
 1008   4.052
 1009   4.054
 1010   4.172
 1011   4.117
 1012   4.489
 1013   4.453
 1014   4.543
 1015   4.267
 1016   4.254
 1017   4.216
 1018   4.481
 1019   4.297
 1020   4.096
 1021   4.318
 1022   4.402
 1023   4.279
 1024   4.405
 1025   4.265
 1026   4.442
 1027   4.287
 1028   4.345
 1029   4.472
 1030   4.301
 1031   4.307
 1032   4.273
 1033   4.309
 1034   4.183
 1035   4.411
 1036   4.338
 1037   4.415
 1038   4.489
 1039   4.501
 1040   4.391
 1041   4.360
 1042   4.569
 1043   4.608
 1044   4.472
 1045   4.535
 1046   4.482
 1047   4.350
 1048   4.331
 1049   4.511
 1050   4.109
 1051   4.530
 1052   4.755
 1053   4.732
 1054   4.818
 1055   4.446
 1056   4.384
 1057   4.592
 1058   4.559
 1059   4.783
 1060   4.634
 1061   4.877
 1062   4.520
 1063   4.707
 1064   5.158
 1065   4.918
 1066   4.800
 1067   4.944
 1068   5.076
 1069   4.941
 1070   4.729
 1071   4.683
 1072   4.874
 1073   4.595
 1074   4.712
 1075   4.476
 1076   4.863
 1077   4.643
 1078   4.662
 1079   4.859
 1080   4.862
 1081   4.728
 1082   4.828
 1083   4.717
 1084   5.046
 1085   5.138
 1086   5.173
 1087   5.294
 1088   4.999
 1089   4.828
 1090   4.660
 1091   4.944
 1092   4.491
 1093   4.609
 1094   4.601
 1095   4.796
 1096   4.631
 1097   4.672
 1098   4.680
 1099   4.572
 1100   4.527
 1101   4.581
 1102   4.643
 1103   4.565
 1104   4.596
 1105   4.762
 1106   4.480
 1107   4.359
 1108   4.299
 1109   4.258
 1110   4.456
 1111   4.601
 1112   4.748
 1113   4.584
 1114   4.539
 1115   4.479
 1116   4.564
 1117   4.539
 1118   4.286
 1119   4.479
 1120   4.449
 1121   4.220
 1122   4.538
 1123   4.501
 1124   4.640
 1125   4.678
 1126   4.417
 1127   4.416
 1128   4.351
 1129   4.372
 1130   4.566
 1131   4.563
 1132   4.409
 1133   4.609
 1134   4.423
 1135   4.562
 1136   4.802
 1137   4.756
 1138   4.700
 1139   4.822
 1140   4.623
 1141   4.564
 1142   4.433
 1143   4.781
 1144   4.731
 1145   4.777
 1146   4.498
 1147   4.582
 1148   4.370
 1149   4.076
 1150   4.180
 1151   4.419
 1152   4.291
 1153   4.143
 1154   4.393
 1155   4.426
 1156   4.743
 1157   4.544
 1158   4.747
 1159   4.715
 1160   4.422
 1161   4.404
 1162   4.235
 1163   3.950
 1164   3.983
 1165   4.176
 1166   4.462
 1167   4.298
 1168   4.533
 1169   4.658
 1170   4.366
 1171   4.270
 1172   4.205
 1173   4.299
 1174   4.334
 1175   4.440
 1176   4.472
 1177   4.428
 1178   4.347
 1179   4.416
 1180   4.460
 1181   4.367
 1182   4.516
 1183   4.448
 1184   4.391
 1185   4.639
 1186   4.644
 1187   4.462
 1188   4.413
 1189   4.298
 1190   4.444
 1191   4.245
 1192   4.185
 1193   4.180
 1194   4.058
 1195   4.192
 1196   4.440
 1197   4.324
 1198   4.567
 1199   4.178
 1200   4.290
 1201   4.314
 1202   4.343
 1203   4.357
 1204   4.294
 1205   4.498
 1206   4.592
 1207   4.414
 1208   4.179
 1209   4.206
 1210   4.649
 1211   4.700
 1212   4.464
 1213   4.657
 1214   4.437
 1215   4.515
 1216   4.457
 1217   4.354
 1218   4.490
 1219   4.344
 1220   4.499
 1221   4.425
 1222   4.278
 1223   4.222
 1224   4.243
 1225   4.307
 1226   4.420
 1227   4.471
 1228   4.517
 1229   4.495
 1230   4.702
 1231   4.605
 1232   4.510
 1233   4.595
 1234   4.645
 1235   4.577
 1236   4.549
 1237   4.297
 1238   4.299
 1239   4.508
 1240   4.394
 1241   4.407
 1242   4.390
 1243   4.387
 1244   4.477
 1245   4.553
 1246   4.511
 1247   4.364
 1248   4.588
 1249   4.709
 1250   4.298
 1251   4.334
 1252   4.419
 1253   4.539
 1254   4.445
 1255   4.387
 1256   4.382
 1257   4.349
 1258   4.598
 1259   4.541
 1260   4.396
 1261   4.281
 1262   4.537
 1263   4.349
 1264   4.302
 1265   4.359
 1266   4.336
 1267   4.209
 1268   4.206
 1269   4.405
 1270   4.627
 1271   4.414
 1272   4.430
 1273   4.370
 1274   4.566
 1275   4.430
 1276   4.348
 1277   4.472
 1278   4.360
 1279   4.368
 1280   4.404
 1281   4.369
 1282   4.441
 1283   4.378
 1284   4.418
 1285   4.293
 1286   4.306
 1287   4.597
 1288   4.333
 1289   4.275
 1290   4.179
 1291   4.061
 1292   4.022
 1293   4.324
 1294   4.345
 1295   4.330
 1296   4.505
 1297   4.520
 1298   4.512
 1299   4.359
 1300   4.381
 1301   4.509
 1302   4.777
 1303   4.427
 1304   4.662
 1305   4.512
 1306   4.664
 1307   4.521
 1308   4.434
 1309   4.600
 1310   4.356
 1311   4.737
 1312   4.405
 1313   4.466
 1314   4.396
 1315   4.446
 1316   4.425
 1317   4.470
 1318   4.332
 1319   4.388
 1320   4.532
 1321   4.488
 1322   4.668
 1323   4.634
 1324   4.505
 1325   4.520
 1326   4.630
 1327   4.594
 1328   4.606
 1329   4.535
 1330   4.592
 1331   4.770
 1332   4.551
 1333   4.570
 1334   4.271
 1335   4.412
 1336   4.682
 1337   4.556
 1338   4.508
 1339   4.472
 1340   4.288
 1341   4.384
 1342   4.130
 1343   4.039
 1344   4.344
 1345   4.279
 1346   4.307
 1347   4.488
 1348   4.424
 1349   4.458
 1350   4.362
 1351   4.441
 1352   4.505
 1353   4.318
 1354   4.427
 1355   4.447
 1356   4.524
 1357   4.580
 1358   4.291
 1359   4.346
 1360   4.275
 1361   4.506
 1362   4.540
 1363   4.383
 1364   4.421
 1365   4.643
 1366   4.439
 1367   4.370
 1368   4.707
 1369   4.580
 1370   4.552
 1371   4.854
 1372   4.542
 1373   4.251
 1374   4.504
 1375   4.498
 1376   4.510
 1377   4.624
 1378   4.604
 1379   4.583
 1380   4.543
 1381   4.628
 1382   4.826
 1383   4.979
 1384   4.778
 1385   4.701
 1386   4.707
 1387   4.649
 1388   4.688
 1389   4.299
 1390   4.483
 1391   4.302
 1392   4.381
 1393   4.369
 1394   4.172
 1395   4.438
 1396   4.551
 1397   4.554
 1398   4.654
 1399   4.616
 1400   4.584
 1401   4.521
 1402   4.443
 1403   4.425
 1404   4.431
 1405   4.526

