270            0.000000
272         4553.205767
273         6825.566053
275        11361.875124
277        15887.093314
279        20401.310372
281        24904.840537
283        29397.897111
284        31640.383666
286        36117.333385
288        40584.329589
290        45041.477266
292        49488.500430
294        53925.458759
296        58352.732009
298        62770.592853
300        67179.104822
302        71578.473914
304        75968.745167
306        80350.046794
308        84722.521361
310        89086.279386
312        93441.420845
314        97788.151678
316       102126.389895
318       106456.282653
321       112935.766348
323       117245.258555
325       121546.977616
327       125840.788282
329       130126.847630
331       134405.305043
334       140808.677518
336       145068.482911
338       149321.111936
340       153566.407017
343       159920.931623
345       164148.582510
347       168369.328320
349       172583.264186
352       178891.612613
354       183088.885599
357       189372.515500
359       193553.494075
361       197728.169888
364       203978.442348
366       208137.493355
369       214364.522290
371       218508.439819
373       222646.569493
376       228842.605174
378       232965.971197
381       239140.427216
384       245302.265276
386       249403.043369
389       255543.873178
391       259631.158892
394       265752.234148
396       269826.308799
399       275927.670700
402       282017.641446
404       286071.295086
407       292142.392858
410       298202.283514
413       304251.105508
415       308277.757220
418       314308.953697
421       320329.542101
424       326339.766618
427       332339.752727
429       336334.243995
432       342317.767031
435       348291.388639
438       354255.353375
441       360209.697685
444       366154.567919
447       372090.086780
450       378016.672469
453       383934.460205
456       389843.247712
459       395743.100396
462       401634.215388
465       407516.947991
468       413391.233238
471       419257.009245
474       425114.618573
478       432912.221643
481       438750.922418
484       444581.722765
487       450404.779701
490       456219.887949
494       463961.564475
497       469759.148814
500       475549.205270
504       483257.904023
507       489031.102597
510       494797.285243
514       502474.573042
517       508224.638588
521       515880.761873
524       521614.917710
528       529250.167588
531       534968.907496
535       542583.816839
538       548287.443293
542       555882.647847
545       561571.983693
549       569147.887991
553       576712.803926
556       582379.466088
560       589925.922210
564       597462.171316
567       603107.597654
571       610626.188163
575       618134.585995
579       625633.183472
583       633122.265169
587       640601.643912
591       648071.420267
594       653667.496623
598       661121.004653
602       668565.330813
606       676000.644141
610       683427.297593
615       692698.113570
619       700104.702199
623       707502.942037
627       714892.918522
631       722274.518217
635       729648.108678
640       738853.817080
644       746209.131840
648       753556.472715
652       760896.024735
657       770059.637830
661       777381.954875
666       786524.184083
670       793829.587837
674       801127.595232
679       810240.095811
683       817522.098680
688       826614.666839
693       835696.406086
697       842954.002835
702       852016.587620
707       861068.822156
711       868302.928446
716       877336.234943
721       886359.753004
726       895373.331658
730       902577.070014
735       911572.977497
740       920559.181247
745       929535.977385
750       938503.233303
755       947461.187051
760       956410.130541
765       965349.793608
770       974280.437746
775       983202.675872
781       993898.033471
786      1002801.115209
791      1011695.733851
796      1020581.983256
802      1031234.292240
