-68.462 -62.9583
-99.1592 -40.753
-82.1488 153.655
-57.6594 147.125
-91.0376 170.268
-85.7342 -170.493
-76.3955 143.406
-66.1031 152.377
-60.0689 147.466
-73.3232 -46.0683
-83.7875 -8.19187
-59.6738 -24.4368
-83.5545 -30.3089
-90.0789 -19.9139
-85.3265 -35.7844
-65.198 -31.3153
-86.0897 -12.7497
-78.8774 -14.9473
-88.2331 -34.5887
-85.1923 -35.5966
-71.3105 -38.8571
-84.0123 -22.3423
-65.9493 -16.2294
-60.3151 -28.734
-77.6662 3.93398
-73.1651 -32.7453
-83.1808 -31.1772
-57.6536 -29.0884
-45.2502 -47.3192
-74.0827 -16.695
-68.2395 -40.6523
-71.5565 -61.4158
-68.5038 -45.2319
-77.2682 -27.1262
-87.0995 -19.4536
-90.32 -32.4885
-97.0662 -23.6061
-72.7618 -30.3399
-91.3666 -25.3338
-82.6595 -24.8263
-87.2307 -43.2042
-59.384 165.881
-65.3499 147.554
-67.337 165.591
-65.34 -36.6777
-83.4601 0.245493
-72.2492 -18.5934
-85.1686 -21.8062
-78.2103 -14.942
-56.5843 129.343
-99.456 127.015
-76.0579 -175.744
-66.1236 166.642
-76.931 157.019
-72.6787 -179.18
-65.5131 128.268
-66.7279 137.852
-103.009 -43.3498
-78.4875 -17.4773
-96.9114 -10.7194
-81.9032 -21.8172
-77.8711 -17.56
-111.258 -23.7198
-110.149 -17.3944
-78.4217 -16.4956
-81.344 -19.8885
-121.341 -16.8163
-94.8345 -33.7786
-98.2621 -12.3343
-69.3051 -18.5879
-73.524 -21.0168
-93.562 -32.1591
-92.0066 -14.324
-88.088 -29.744
-87.2208 8.09592
-48.7159 -40.7761
-83.6256 4.48327
-61.7015 -23.4346
-62.7086 -26.6042
-53.7485 -26.571
-86.1549 -18.1149
-86.1168 -2.48215
-86.7509 -21.0033
-59.7349 -33.5017
-81.3145 -21.2319
-128.638 -29.8141
-88.9802 -61.1472
-82.7773 -18.9097
-87.5765 -24.3373
-100.543 -29.1112
-100.537 -5.87553
-101.302 -20.991
-108.448 -27.0353
-107.248 -13.8418
-60.5591 -31.5722
-84.0703 -35.3798
-77.7042 154.778
-58.9516 -9.06987
-79.0296 -32.9501
-53.9563 128.465
-81.4799 179.448
-70.5421 130.612
-80.023 151.728
-49.0201 154.654
-69.0099 139.272
-70.5027 147.73
-89.6407 147.982
-71.8472 147.551
-89.8558 155.047
-76.5284 175.982
-91.5922 -179.98
-97.3103 174.277
-73.1647 164.824
-89.6575 159.258
-78.868 161.934
-62.1067 144.876
-84.818 173.472
-61.0368 163.205
-68.6158 165.59
-105.673 -178.67
-84.7343 -174.319
-72.2228 171.996
-94.627 172.495
-98.6446 136.081
-86.6732 132.231
-78.2782 177.5
-92.308 174.75
-72.1042 175.044
-64.9357 155.753
-100.411 -174.837
-82.4202 178.07
-77.9086 162.148
-103.007 -174.77
-95.6833 161.299
-79.1913 169.552
-74.4371 146.266
-75.6615 -163.271
-82.2179 -30.4928
-99.0352 -32.6326
-95.6378 -25.9744
-125.638 -14.2214
-70.1552 -35.8023
-70.3595 -23.9742
-107.584 4.43451
-98.5086 -41.326
-94.7179 -26.3369
-88.8525 -38.1429
-82.1627 -30.5713
-70.0947 -31.8387
-82.2988 -44.6131
-93.7053 -9.68132
-90.934 -27.3135
-63.4069 -29.4728
-88.3182 -41.8479
-74.6377 -23.5419
-71.4537 -34.4104
-85.9479 -10.9543
-84.0619 -7.86776
-111.668 -3.8707
-82.5891 -33.4248
-82.6002 -3.32101
-95.2199 13.1075
-78.6366 -2.16925
-59.2383 -29.0328
-90.0831 4.33797
-79.6293 -10.1024
-85.3579 -23.9248
-81.9138 -46.5012
-87.5328 -45.6912
-112.437 -30.6253
-72.6709 -43.2417
-88.9263 -23.0996
-83.4761 -37.575
-89.9998 -41.0707
-82.8061 -20.4874
-72.9994 -40.9054
-81.6506 -16.5562
-90.1858 -18.8265
-87.0306 0.221173
-98.6457 -6.59002
-74.3951 -23.5065
-82.323 -33.6913
-82.5621 -39.8963
-71.257 -45.1218
-88.411 -25.8074
-81.3635 -30.1757
-76.1505 -28.2111
-73.4875 -27.8403
-81.9367 -45.6687
-102.393 -26.845
-54.1385 -52.3038
-88.3215 -35.9613
-88.5937 -46.7555
-80.1243 -45.2141
-80.4895 -45.8104
-68.1607 -57.997
-73.3831 -41.4932
-66.5047 -54.1642
-89.7537 -31.174
-68.471 -37.0724
-94.0467 -40.7174
-64.9278 -34.6889
-94.8125 -26.6919
-77.9462 -32.0748
-75.2408 -17.3397
-81.9789 -34.3055
-92.6161 -21.4684
-113.968 -34.7723
-74.6499 -52.0515
-96.3489 -26.0432
-78.5294 -33.3869
-84.0205 -29.4494
-68.2666 -30.3942
-84.9228 -23.403
-86.0677 -26.2335
-96.9321 -35.0361
-92.2624 -26.8654
-77.5868 -32.2191
-66.5281 -47.2397
-107.435 -33.9663
-83.7342 -34.6437
-86.5829 -32.5831
-80.9685 -13.055
-68.6202 157.055
-75.0331 172.398
-66.1758 139.644
-83.316 177.576
-68.1551 152.265
-70.1847 166.694
-73.9946 151.724
-106.239 -163.67
-86.7885 139.348
-88.4828 164.097
-74.0949 152.245
-118.276 163.484
-101.739 160.153
-121.41 165.5
-81.0631 173.077
-72.2447 149.622
-68.5083 -176.108
-74.4653 156.484
-43.5087 161.84
-64.1402 138.403
-78.2405 153.342
-84.8928 154.618
-78.8963 132.674
-63.984 158.046
-55.7662 147.169
-85.9039 152.255
-56.9956 150.326
-75.2147 -32.7817
-80.733 -31.6478
-60.5581 -38.6853
-88.3149 165.348
-64.2254 152.01
-78.7198 166.619
-94.202 167.799
-83.19 170.138
-74.6041 141.805
-79.6932 151.937
-91.8901 173.375
-88.7831 162.988
-70.3964 149.178
-86.3944 156.875
-87.8624 152.842
-98.5962 152.14
-67.0523 -20.207
-124.511 -39.6103
-77.6671 -0.49218
-67.0579 -28.4964
-74.9284 -10.898
-87.2497 -28.203
-105.233 -19.4697
-83.1834 -30.0947
-103.513 1.18383
-87.4776 -39.937
-71.8833 -32.7601
-74.7418 151.395
-78.942 173.546
-62.4016 142.975
-55.9609 158.196
-65.8742 160.065
-80.6789 161.631
-72.1873 179.844
-104.262 179.161
-55.4156 159.664
-96.7659 -176.506
-77.5787 -176.382
-72.0786 -44.8549
-61.5051 -29.5864
-77.4229 -47.2114
-58.4171 -50.0637
-73.4587 -31.7631
-68.9836 -37.2985
-68.6766 -22.176
-74.9147 -25.3215
-78.7104 -5.29691
-95.8296 -24.2811
-102.623 -13.0781
-120.111 -8.13106
-78.3627 -48.0229
-106.522 -16.2329
-77.4928 -30.2277
-65.6135 -28.2703
-66.2 -48.2662
-95.939 -11.8433
-71.9471 -40.7517
-87.4341 -29.4655
-93.7329 -16.6341
-77.8612 -30.1052
-92.0132 -22.5364
-95.5671 -8.72328
-85.166 -20.1081
-99.0627 -12.7914
-95.1212 -26.0038
-76.9448 3.38449
-83.0949 -12.8444
-78.0669 1.8032
-84.8095 -15.6433
-81.466 1.6257
-77.9596 -17.5118
-98.9189 -5.22967
-81.2609 -19.5677
-112.963 -19.9709
-47.7109 -45.5072
-78.5907 -5.70149
-83.7619 -16.4261
-86.2594 -34.8344
-73.2445 -24.7943
-69.5874 -44.5879
-64.9344 -30.3638
-60.3919 -33.2468
-100.406 -35.8184
-79.9449 -42.2329
-100.165 -59.5692
-95.6093 -25.2911
-90.6947 -45.7347
-78.4881 -25.0059
-70.1454 169.473
-65.6294 157.842
-99.2335 163.785
-86.1245 168.782
-53.1238 145.051
-88.4275 161.147
-66.7092 125.03
-56.8877 140.533
-93.6017 154.357
-75.0658 -32.2257
-94.5953 -19.6122
-75.1819 -22.1436
-84.3211 -44.4868
-70.2884 -36.7033
-80.3895 -27.9493
-81.1003 -34.7583
-99.2106 -19.7912
-46.9765 -20.1099
-75.2281 -11.8564
-76.509 -29.5559
-81.5243 146.897
-83.2753 150.433
-85.3478 166.8
-58.4988 151.069
-63.2389 170.383
-70.901 142.728
-75.1545 148.387
-56.2323 167.618
-83.3551 168.965
-91.3907 162.93
-87.1371 153.745
-62.397 154.819
-79.5331 171.355
-59.3997 161.033
-97.1305 176.688
-82.6375 -170.493
-88.652 -178.066
-94.6618 172.669
-93.9289 147.6
-86.2743 145.322
-72.2944 -23.2433
-63.6128 -63.0532
-81.2356 -24.7725
-71.2955 -18.3174
-77.8788 168.001
-67.8136 159.136
-86.9484 146.411
-94.4845 -25.8246
-115.521 -154.921
-115.487 167.593
-59.0398 166.804
-82.2457 167.588
-79.7878 151.452
-90.2462 156.837
-97.4533 152.132
-80.9577 153.672
-83.997 174.485
-83.4834 149.497
-74.9099 -31.8517
-61.4636 -41.2564
-85.0642 -12.4579
-68.0706 -26.6398
-71.5112 -48.8992
-70.6269 -45.737
-87.6446 -31.7066
-80.89 -17.9649
-62.0212 -38.8983
-77.5373 -32.0974
-62.1375 -41.0229
-78.4616 -42.6428
-91.1322 -28.195
-96.7929 -28.0049
-80.6156 160.715
-62.2777 141.003
-62.2399 128.489
-86.9193 161.282
-87.0543 147.463
-86.5532 140.513
-75.7791 158.417
-88.9683 166.417
-118.635 163.866
-87.5949 -150.72
-102.303 -178.283
-83.9171 -158.38
-69.1255 -35.5893
-85.4123 -27.7104
-96.1362 -0.469389
-103.973 -5.20485
-103.456 -43.5329
-76.9274 -6.38423
-81.5119 -13.6402
-88.7593 -3.34111
-67.7753 -29.5738
-85.7754 -32.3866
-69.6948 -56.4652
-88.4866 -56.226
-82.8314 -55.0409
-70.7533 -40.1549
-104.155 -18.4257
-90.516 -36.2542
-90.0668 -46.5502
-80.4585 -36.688
-75.7091 -22.1656
-73.3418 -20.0489
-79.515 -25.4079
-90.6 -22.4063
-90.1644 -16.746
-92.7048 -25.1767
-76.9255 -26.6541
-73.3991 -25.3144
-78.3263 -48.0121
-76.0923 -16.4845
-84.1302 -20.0457
-80.5279 -20.5667
-59.2545 -24.0083
-80.6923 -30.7235
-74.7675 -41.3832
-61.63 -37.2973
-71.2661 -43.4456
-93.7842 -38.536
-69.7071 -49.6533
-80.2831 -26.0761
-76.3064 -17.6124
-106.402 -33.8808
-91.488 -51.807
-62.5751 -30.7134
-80.6007 -43.2532
-74.5256 -53.6197
-74.5839 -24.6822
-68.8447 -12.1629
-70.8383 -22.911
-77.1543 -43.1613
-68.5824 -42.6986
-95.3575 -35.4
-71.1827 -42.3894
-98.0618 -26.7529
-76.1364 -36.3975
-84.5094 -27.2608
-89.4593 -34.1128
-81.8278 -40.8831
-100.637 -23.4435
-71.6716 -35.3175
-69.7325 -24.2354
-86.1957 -33.1395
-69.241 -36.4937
-79.4902 -22.8198
-40.8523 -63.0823
-76.0306 -21.0289
-83.0965 -13.7333
-90.0711 -8.04262
-98.5074 -14.1529
-78.8987 -31.8964
-68.3948 -28.0225
-63.9954 -41.7406
-86.5365 -178.149
-82.2853 143.317
-57.3215 173.193
-71.3389 142.052
-100.193 -45.0834
-86.0694 -32.2217
-92.5743 -37.7252
-71.0328 -35.5388
-61.5087 -14.7054
-90.6067 -34.9123
-78.8727 16.4242
-86.1084 -13.304
-94.526 -23.541
-85.0599 -12.4988
-108.054 -33.1805
-89.6035 -22.641
-90.0397 -28.7327
-83.4498 -30.2733
-90.8856 -30.4889
-62.505 -58.7146
-73.7297 -65.1053
-99.7043 -27.0713
-90.0305 -39.8374
-86.7633 -57.9741
-84.1003 -22.1825
-69.8106 -46.2605
-91.7027 -47.366
-69.1352 -42.4961
-77.1183 -25.6507
-82.9696 -31.483
-100.754 -28.9374
-87.1639 -24.0076
-90.2767 -6.85489
-64.3949 150.842
-67.0202 131.335
-65.3567 166.834
-62.6837 -33.1623
-76.0586 -34.5515
-77.5655 -59.5419
-99.6472 -11.9357
-51.1832 132.53
-92.2011 -10.3406
-65.4417 -29.1136
-66.1923 -28.7592
-76.275 -19.9136
-58.0661 -14.5529
-74.1652 -16.3778
-75.5639 -24.5825
-61.8572 -21.6005
-69.7667 -168.98
-71.8741 -170.895
-82.197 162.551
-50.8412 158.284
-55.9757 -178.6
-70.8675 145.51
-67.055 160.59
-43.8901 150.255
-118.169 -127.58
-55.7248 140.009
-66.0357 -31.4095
-98.8654 -35.9021
-100.224 -46.6142
-70.4487 -55.5265
-69.8044 -34.0497
-75.2361 -32.4417
-96.1621 -10.7452
-90.648 -19.6936
-81.5359 -36.8416
-83.8906 -40.3367
-94.0522 -14.2081
-81.7495 -42.9243
-76.4401 -39.4564
-78.2802 -47.6791
-83.4837 -17.8292
-77.5097 -29.1373
-81.0526 -38.6742
-63.6674 -22.5901
-79.0355 -28.7258
-61.7245 -36.1711
-87.1626 -36.1373
-74.5362 -34.2175
-73.6204 -35.2535
-86.7163 -40.7866
-88.5815 -33.965
-92.8034 -29.3302
-90.375 -31.4637
-71.0127 -65.9847
-95.7358 -62.5085
-89.4113 -50.152
-75.3174 -20.1775
-65.209 -26.108
-82.4749 167.579
-74.3186 156.571
-90.2058 150.842
-100.235 -25.0511
-84.9636 -27.1074
-104.133 -28.5624
-77.1841 -47.4133
-85.0499 -32.5258
-104.031 -23.5456
-74.4221 -13.2208
-54.2484 -37.4645
-69.7743 -46.7497
-50.9387 138.418
-50.1932 154.202
-61.4811 150.487
-54.3129 151.065
-91.7556 163.909
-52.5253 140.499
-65.0106 158.46
-78.8572 162.013
-46.9131 138.438
-69.7578 139.34
-76.5105 144.659
-75.923 175.84
-64.9696 -178.798
-70.5084 153.581
-111.308 167.543
-64.0533 125.487
-76.7096 145.19
-55.229 -25.5749
-84.4616 -6.87304
-88.9734 -25.892
-98.3518 -43.8517
-118.335 -22.1324
-96.712 -22.5292
-90.3763 -25.9307
-120.763 -15.7394
-92.8264 -22.4054
-71.9612 -31.2612
-67.5187 -29.4481
-78.661 -13.5787
-90.9937 6.60972
-93.845 -2.21532
-116.675 -20.8591
-76.0819 -13.5241
-89.4033 -20.8004
-80.2333 -24.8265
-78.4384 -14.5283
-96.8417 -21.8635
-91.6864 -39.8594
-85.5934 -32.1084
-69.3805 144.837
-74.0663 134.998
-82.1219 153.74
-91.4324 171.399
-91.0656 152.802
-90.7876 138.028
-74.823 167.415
-72.0142 170.972
-78.5259 -171.108
-56.7652 152.131
-79.6204 168.697
-78.9563 169.792
-94.8315 147.765
-93.5401 -169.977
-58.6875 150.172
-64.0934 168.75
-62.5024 175.404
-65.0822 170.275
-63.5224 152.651
-80.4889 158.767
-57.2687 158.889
-67.2275 134.681
-96.1584 165.395
-71.4759 -49.6946
-80.4547 -14.8598
-102.649 -28.7156
-75.8233 -24.4272
-92.8025 -26.1772
-81.0338 -59.914
-99.58 147.206
-62.4087 151.281
-63.7279 135.009
-68.2207 -26.4506
-86.1331 -16.8383
-74.8379 -46.369
-61.2392 -47.5668
-74.2169 -32.7779
-84.1415 -42.6905
-30.1472 -42.3142
-89.6963 -17.4082
-72.9448 -17.1754
-81.2727 -30.1656
-62.9994 -21.1178
-82.5714 -38.9345
-87.8471 -19.6474
-97.7792 -24.2522
-92.4072 -30.7069
-82.2941 -42.5851
-72.7401 -46.2186
-131.589 -120.773
-91.5102 -22.5668
-68.6685 -28.0072
-90.8128 -12.5329
-75.3857 -18.0372
-68.1677 -18.2139
-68.0842 -25.1542
-75.067 -23.9479
-66.3943 -2.72369
-64.984 -3.56639
-69.4493 -29.3073
-78.0844 -16.7981
-78.5032 -2.81376
-71.4556 -29.4663
-102.879 -167.558
-83.9143 165.918
-71.882 156.853
-78.0498 177.422
-82.5288 179.636
-73.5721 161.921
-83.9692 156.813
-80.5665 148.625
-51.1903 154.891
-80.221 157.385
-83.2355 156.304
-62.1444 124.765
-59.097 159.956
-66.2502 152.523
-73.7653 146.234
-65.8232 141.305
-66.3533 159.096
-70.2258 143.624
-83.5966 152.902
-73.3868 149.123
-105.802 164.456
-88.2069 150
-93.8689 158.372
-68.4503 -25.9296
-65.8459 -50.4452
-67.5598 -30.7576
-60.7394 -22.4053
-84.984 -9.29151
-96.4621 -19.1527
-98.3218 -31.2944
-106.496 -36.0683
-80.3294 -38.986
-95.8838 -44.3589
-82.1198 -26.5716
-82.7537 -12.4854
-101.313 -20.8933
-99.8949 -28.5748
-85.4902 -35.4499
-101.908 -40.993
-77.2044 -46.0479
-92.4578 -15.7255
-80.9308 160.181
-71.7036 -15.6646
-79.3554 -29.5787
-71.821 155.524
-78.0602 156.187
-61.9023 152.955
-80.9421 -178.044
-73.946 -21.2356
-97.6245 -23.792
-80.6581 159.92
-78.2717 -36.3555
-98.0506 -27.9891
-90.856 174.276
-87.4694 156.607
-91.3743 -12.1232
-82.2385 -40.0681
-88.1014 -34.2915
-108.14 -46.2859
-106.718 -32.2031
-61.1121 -32.3365
-72.1785 -32.0296
-85.7681 -33.3057
-77.5613 -17.2419
-89.2881 -28.574
-70.1746 -51.3892
-65.8926 -34.3225
-71.9912 -19.0227
-68.3441 -28.1121
-109.183 -26.6624
-79.3223 -15.2739
-82.812 -34.5932
-81.5923 -40.3552
-93.1574 -16.5562
-68.2053 -36.7074
-76.7949 -25.5479
-115.589 -39.3191
-101.902 -34.5682
-97.9839 -19.9887
-110.674 -39.3784
-101.223 -49.0892
-94.8315 -37.1812
-95.68 -25.0751
-82.8008 -29.0315
-109.537 -79.3525
-88.2029 -21.3014
-78.9025 -55.0888
-62.5978 -19.8815
-77.245 -19.5946
-78.8488 -28.9337
-85.8447 -29.2475
-75.1718 -3.50252
-67.4236 -12.277
-86.8788 -24.949
-93.6118 -10.1533
-72.715 -16.3709
-86.051 -4.12331
-79.0848 -12.8136
-70.6618 -36.4468
-96.4589 -21.0909
-82.7241 -32.06
-80.5107 -13.9398
-88.9128 -25.6785
-86.4586 -5.64448
-71.263 -41.3838
-84.7762 -21.7246
-91.9102 -11.2051
-70.076 -18.685
-87.5264 -19.8506
-102.485 -20.5143
-82.7059 -47.8337
-73.7795 -16.4904
-73.0811 -32.4689
-96.3918 -27.1056
-82.2927 -11.4119
-105.533 0.0839294
-95.2774 5.57246
-65.4793 -18.9481
-62.1835 -16.0583
-92.0165 -34.9933
-88.763 -21.2356
-91.8185 -14.8358
-128.264 -106.568
-145.829 -79.8554
-125.842 -142.718
-99.5934 176.903
81.7517 39.9861
53.7195 40.4274
89.7481 14.8426
58.4255 38.2827
64.3265 31.7196
77.5886 21.4914
85.4788 26.1065
73.5844 41.1871
71.6401 27.3363
79.5922 51.8822
64.7009 34.1851
-85.7202 179.596
-66.5611 152.094
-38.333 120.004
-54.2489 133.003
-81.524 150.74
-67.8206 -27.183
-78.9138 144.428
-83.9141 154.802
-77.7332 144.884
-81.4264 147.224
-77.6377 -27.198
-93.6214 -11.2984
-88.0579 -29.3
-54.2408 -43.4007
-73.2453 -38.1964
-93.8365 -29.6149
-88.8599 -54.4343
-85.4004 -24.8132
-64.6522 -32.3795
-107.863 -11.3575
-94.3886 -35.7846
-82.8988 -22.5956
-84.8597 -5.6014
-86.3279 -18.1377
-73.6293 -19.1295
-81.2387 -34.927
-79.461 -32.1124
-74.8343 -6.22728
-73.6461 -13.8568
-80.0259 -35.9721
-59.2801 -25.4347
-66.552 -22.5052
-72.9668 -37.7101
-94.672 -8.97047
-78.443 -7.26928
-90.9444 -14.3381
-62.3425 -21.3986
-77.779 -33.526
-73.3837 -21.9846
-72.899 -19.504
-70.9591 -36.6653
-76.7034 -27.0392
-53.2904 -47.5886
-73.2723 -29.6425
-71.1135 -20.9055
-70.4384 -47.401
-83.4636 -40.3012
-80.2909 -27.2317
-59.0057 -57.1076
-87.8629 -29.0032
-94.5475 -30.0994
-65.3055 -38.7622
-82.497 -21.693
-76.1917 -42.0216
-76.2794 -30.457
-76.7851 -18.9081
-70.8508 -42.2951
-85.4669 -17.1142
-78.5386 -26.3569
-76.253 -23.677
-51.7592 -39.5356
-91.8518 -81.0478
-49.4459 131.818
-69.4714 -18.4278
-59.5697 -25.4011
-74.7685 -31.1734
-93.8604 160.191
-90.3352 164.64
-89.3433 -175.078
-78.131 -25.0983
-77.3304 -52.9141
-77.8961 -31.2138
-86.9781 -30.276
-94.266 -32.4975
-81.3823 -30.7856
-90.3945 -23.8413
-76.894 161.94
-71.764 157.201
-123.285 -163.417
-121.443 -170.656
-73.7867 138.562
-49.0775 151.955
-75.5889 139.184
-61.7119 143.969
-70.9671 128.403
-77.8721 -26.2113
-79.3934 -37.2616
-73.394 -52.4933
-68.4537 -21.6668
-73.2121 -27.3744
-65.7778 -35.8792
-73.4658 -17.8394
-53.975 -32.6772
-71.5219 -33.7963
-64.3363 -27.1751
-84.2126 -28.4453
-77.8091 -44.5489
-84.0947 -38.4315
-81.9822 -7.3282
-76.3214 -33.3353
-85.4717 -11.0983
-84.8311 -50.6921
-81.1861 -29.5067
-89.8545 -37.7619
-84.4405 -21.1365
-90.1777 -28.7712
-82.1029 168.422
-81.5777 151.327
-93.2059 -178.871
-77.5126 175.478
-74.4883 166.457
-85.4885 151.663
-73.4724 -22.966
-89.9559 137.791
-86.9587 134.808
-107.532 111.502
-76.6498 128.445
-59.0395 142.614
-77.904 127.449
-85.0052 148.865
-103.079 126.194
-82.8438 131.13
-99.3502 119.825
-91.6992 106.943
-83.3074 142.461
-64.914 122.71
-84.8008 145.233
-81.3448 136.198
-124.58 156.513
-81.3187 122.374
-61.4794 95.0783
-76.855 130.123
-83.6052 117.228
-64.2657 143.29
-88.0469 111.37
-91.2162 106.61
-165.711 124.827
-94.9614 130.25
-111.197 117.816
-78.2436 136.211
-116.605 126.516
-98.1115 120.532
-138.716 124.366
-126.647 153.074
-83.6401 127.178
-72.4334 139.288
-86.2167 135.233
-158.389 34.5752
-123.284 21.5573
-128.13 25.561
-82.6678 140.799
-87.0547 114.779
-80.9975 108.617
-74.7472 130.673
-110.732 140.535
-66.7184 115.924
-71.7917 111.854
-73.7239 132.216
-74.226 114.339
-87.4227 120.833
-63.2019 127.295
-74.6781 111.697
-70.8781 106.083
-89.0884 97.272
-82.1662 65.6591
-113.001 112.164
-79.2117 146.807
-84.0866 111.711
-80.8914 133.938
-62.7934 116.825
-140.783 151.231
-53.2829 117.246
-60.5243 -23.3682
-70.6129 1.31507
-94.6813 21.0626
-49.1115 -23.4135
-68.1857 -19.0016
-79.981 106.568
-71.8289 114.972
-128.064 24.2551
-80.7817 9.80139
-95.8 33.1489
-53.621 112.83
-80.3873 131.039
-138.347 34.4739
-109.188 97.3463
-137.926 35.4143
-131.041 72.6543
-145.007 84.1242
-120.346 114.808
-80.3974 83.5724
-98.6727 132.66
-121.236 91.0776
-110.644 100.569
-76.2644 128.471
-83.8221 93.9827
-113.301 115.255
-81.1066 19.0012
-127.441 37.7027
-122.846 21.7864
-126.677 12.4015
-146.036 38.8366
-105.502 13.3331
-138.016 37.857
-146.752 54.8369
-101.23 70.7846
-79.2743 112.112
-61.8782 -25.6877
-96.0647 29.9651
-77.0084 15.7008
-80.7139 3.88665
-83.7424 -8.61443
-73.2792 23.4831
-79.2098 -3.01409
-77.5077 -19.4922
-71.8719 16.3942
-93.1223 -2.54461
-106.962 17.506
-70.7744 -21.0424
-84.0864 139.127
-99.8761 154.655
-90.7245 138.906
-73.5201 151.394
-110.101 140.764
-99.6372 120.557
-90.3976 124.451
-91.1598 138.115
-129.093 136.532
-55.7856 139.894
-78.9766 144.643
-73.1413 -12.9985
-78.0783 3.14105
-86.2427 -27.2336
-79.8505 109.641
-70.6187 98.7783
-79.3602 101.032
-78.5139 120.714
-105.602 128.015
-94.726 127.009
-135.693 116.077
-104.949 118.431
-116.096 141.736
-69.1481 153.232
-76.5258 99.3435
-69.8872 132.69
-83.6418 94.0459
-140.258 147.455
-110.535 44.4928
-116.985 30.4396
-86.852 4.32911
-96.5557 10.9214
-104.119 18.6681
-93.3358 139.552
-72.5625 138.173
-81.236 154.904
-85.1159 157.936
-72.2103 128.56
-83.0622 129.133
-66.1011 99.1282
-111.841 112.576
-118.244 48.6177
-137.286 10.653
-146.401 29.4053
-158.245 36.7164
-149.947 56.6682
-140.573 15.3254
-130.116 62.1308
-147.649 47.7782
-116.539 32.8537
-97.8435 56.3672
-97.8376 55.7248
-88.2063 74.3273
-84.2075 -7.27092
-104.859 26.6041
-95.2339 47.473
-112.369 113.119
-78.6361 101.243
-78.4927 114.516
-84.2128 135.816
-85.6953 147.487
-120.129 98.0197
-103.887 99.6428
-103.151 87.4113
-86.8975 137.562
-95.7342 145.611
-110.75 103.506
-96.5178 155.692
-94.2899 152.182
-81.1074 124.348
-159.866 161.287
-165.095 168.65
-118.189 119.422
-97.5629 118.161
-98.4464 125.868
-80.839 105.583
-83.3758 135.284
-78.8637 119.349
-110.544 111.511
-97.9215 154.423
-123.713 107.584
-77.3458 121.088
-144.429 14.3321
-59.5878 146.497
-83.1828 143.821
-100.656 129.074
-114.837 154.734
-83.5427 122.327
-93.0097 167.329
-76.492 139.106
-81.681 133.818
-65.9389 108.396
-88.6729 113.203
-138.487 113.671
-118.764 134.011
-95.5291 147.747
-101 156.57
-93.9187 143.298
-136.885 144.5
-83.4903 138.754
-67.1657 151.632
-74.105 142.52
-89.8805 156.126
-72.2463 158.361
-71.7566 134.774
-76.5049 146.731
-113.693 154.443
-85.9645 147.558
-96.1206 148.107
-90.7702 145.471
-74.0125 154.484
-71.0862 145.479
-68.8407 147.866
-88.1879 167.417
-73.1745 126.164
-109.264 129.095
-150.824 134.146
-128.457 138.243
-121.241 138.286
-79.7391 131.582
-94.515 140.92
-113.679 110.995
-79.8255 135.473
-78.5988 64.4407
-78.0614 92.8808
-134.564 92.6454
-124.929 80.2893
-134.842 44.0561
-77.1639 112.944
-51.5474 148.035
-86.8667 104.2
-80.5905 129.508
-44.9628 134.505
-57.1753 138.929
-83.834 136.99
-56.637 110.366
-65.2061 114.273
-65.7911 123.081
-66.5151 84.3519
-68.1768 153.97
-84.9788 106.39
-71.2469 124.785
-86.5205 129.236
-126.467 112.761
-109.58 112.702
-125.549 136.431
-117.735 147.975
-157.129 69.2151
-109.875 125.977
-130.168 141.87
-118.391 149.033
-76.5916 135.481
-65.9403 138.843
-74.1272 113.133
-74.4623 115.909
-69.6065 115.108
-84.0268 25.1403
-131.878 30.1226
-130.027 60.6154
-75.2194 134.286
-73.2009 133.028
-107.794 106.551
-82.9582 144.932
-102.478 120.087
-104.177 123.616
-94.8589 126.096
-109.203 117.672
-109.124 160.361
-126.163 105.666
-142.085 133.275
-87.1389 139.217
-130.526 125.843
-76.764 147.349
-89.2881 152.921
-80.9311 124.458
-95.6303 116.459
-66.2911 138.067
-78.2217 119
-73.4614 136.665
-88.3296 136.189
-92.4395 133.551
-77.8542 126.979
-85.3511 119.092
-98.7742 134.857
-110.585 127.781
-109.953 134.216
-96.0218 140.324
-69.5076 154.623
-96.0141 141.67
-103.658 137.862
-93.1488 138.086
-101.344 146.081
-85.8357 137.105
-77.4947 135.861
-93.877 158.716
-75.5653 141.67
-82.7111 111.556
-78.1492 101.172
-84.2334 109.366
-102.4 111.931
-88.0058 125.946
-104.999 114.854
-59.6502 105.637
-162.152 57.5557
-94.9739 83.4892
-119.714 121.065
-76.684 160.898
-91.2285 49.2367
-81.5357 139.129
-90.8035 138.747
-81.5041 112.229
-99.6393 147.23
-78.2601 139.231
-106.635 136.755
-78.5036 151.994
-94.4126 152.523
-70.5947 125.19
-79.8589 125.976
-50.9976 144.008
-117.429 112.472
-111.071 154.207
-90.2795 141.827
-85.3935 146.698
-73.3396 102.604
-80.1655 128.082
-92.45 109.34
-71.5554 4.24155
-107.349 57.386
-89.8909 82.8885
-99.1922 47.5748
-94.4647 78.1424
-94.6767 86.8331
-92.5484 87.0312
-73.5744 139.579
-104.577 127.092
-91.9426 135.005
-100.355 151.414
-60.0466 132.132
-92.0811 138.853
-61.247 139.108
-70.0138 134.257
-67.1352 154.573
-79.7012 2.34243
-129.383 41.04
-132.668 24.157
-125.786 19.6399
-134.1 26.6199
-117.574 46.4793
-68.561 160.734
-52.2933 138.284
-87.703 103.482
-74.1995 124.827
-85.3092 120.584
-82.3037 117.191
-88.7818 141.339
-75.1258 122.736
-80.6638 124.646
-64.5861 124.869
-94.4347 150.351
-94.0649 128.773
-91.1511 130.176
-120.8 116.751
-86.2695 135.81
-63.4754 137.976
-94.0556 109.236
-71.3608 129.282
-71.9449 95.5528
-85.6482 95.0732
-87.3057 100.003
-74.8279 106.737
-83.6445 158.17
-77.0458 142.92
-80.3521 110.766
-53.9918 123.092
-78.2261 125.993
-91.1311 121.5
-87.2529 97.5215
-67.5484 126.959
-69.3946 99.0388
-66.9749 137.537
-62.8426 130.143
-95.7426 100.304
-78.0298 109.658
-91.2188 117.535
-82.7534 128.949
-76.6112 159.12
-65.2013 152.339
-70.1793 123.697
-98.6867 140.168
-81.2025 115.879
-100.847 133.817
-104.005 128.724
-80.8238 131.473
-141.954 26.3182
-130.4 35.8306
-138.177 77.2727
-156.869 108.823
-133.429 78.3655
-102.06 142.55
-109.304 142.645
-90.1771 120.861
-83.6995 119.546
-73.0607 107.752
-81.2077 135.023
-79.9962 123.509
-83.8899 99.8664
-146.131 133.268
-88.9346 150.433
-73.8525 145.126
-55.9643 116.881
-82.9603 128.007
-64.7019 115.368
-79.7647 143.565
-74.7696 134.647
-133.002 16.543
-137.515 21.299
-63.353 43.4421
-69.4481 116.847
-89.3399 120.973
-86.5385 131.791
-107.473 160.297
-133.775 153.899
-139.386 54.8303
-119.936 79.5312
-53.4887 113.129
-57.6663 122.521
-114.654 106.511
-78.7531 118.264
-98.997 115.382
-77.8231 127.287
-82.2177 138.254
-79.0508 110.415
-72.1962 113.328
-66.9534 108.206
-53.6689 113.212
-71.4615 120.341
-67.423 121.827
-85.2219 97.3573
-93.3393 122.408
-81.0758 135.366
-123.919 146.922
-104.534 118.672
-136.437 27.5314
-145.893 42.7476
-103.969 37.7708
-82.8613 -3.17299
-124.108 163.696
-95.126 123.957
-83.0784 153.424
-92.6411 123.434
-82.3472 135.173
-61.489 123.438
-52.0516 118.562
-72.7476 112.386
-73.1499 149.386
-131.694 47.026
-134.299 42.7903
-88.6978 105.566
-60.8726 121.063
-77.7877 138.435
-79.9711 149.535
-83.7715 142.406
-85.2324 148.426
-83.422 127.983
-74.5911 142.747
-96.2617 120.755
-69.763 134.752
-68.9957 141.807
-99.9799 150.698
-96.3428 131.641
-124.865 130.098
-93.7651 139.534
-127.07 121.005
-95.0145 150.191
-77.1934 117.966
-109.589 123.481
-98.3925 123.349
-96.9556 104.251
-71.0951 134.274
-96.7641 118.128
-90.1392 154.689
-119.033 118.817
-113.19 105.397
-59.1898 106.535
-89.6427 94.8104
-71.365 155.13
-60.8176 110.116
-96.6142 107.824
-70.616 127.402
-77.9495 140.403
-82.6511 134.826
-69.284 125.08
-72.6762 130.597
-76.9828 122.035
-79.5134 106.057
-142.615 144.449
-72.2669 130.577
-79.3833 127.139
-87.6756 91.9277
-77.2863 139.71
-95.4911 61.1921
-126.753 41.3699
-80.5275 150.675
-91.7682 136.043
-86.4811 136.64
-81.7871 104.683
-63.0563 110.48
-75.4698 128.155
-83.3502 118.355
-34.6249 104.32
-80.1382 143.173
-94.3649 154.223
-53.07 137.975
-148.575 87.9635
-151.086 82.3383
-151.979 43.6952
-119.551 95.4157
-76.5519 123.299
-81.2957 121.843
-81.1509 135.525
-77.8775 146.98
-108.436 176.773
-93.6007 158.239
-102.881 105.65
-153.001 92.6939
-73.3255 140.908
-92.2381 99.1872
-85.6698 106.197
-79.3498 88.4352
-100.432 98.8465
-129.529 13.0319
-130.681 32.0735
-121.189 70.0709
-93.1836 151.486
-76.5482 141.667
-76.1801 130.407
-84.345 138.904
-72.5096 144.047
-87.4848 113.655
-100.33 131.866
-70.0402 89.2314
-80.8363 123.052
-78.7088 125.965
-90.8882 155.28
-73.6652 140.258
-64.3614 139.146
-72.5624 119.346
-109.242 137.319
-69.9059 127.71
-76.1839 142.192
-110.847 151.176
-83.3653 145.92
-57.6611 119.154
-98.0251 128.744
-71.8924 130.347
-69.2384 112.249
-87.4068 13.348
-110.839 47.1818
-75.7825 145.056
-86.4021 158.418
-92.6196 124.108
-81.3868 152.094
-75.407 141.242
-86.7824 133.926
-99.906 129.252
-77.8402 125.546
-105.525 133.83
-95.8359 130.536
-85.7335 138.018
-115.436 112.398
-71.2437 149.589
-81.4731 142.002
-88.2986 139.167
-83.1582 127.753
-108.653 120.233
-116.667 133.161
-97.4214 161.249
-63.289 126.456
-57.2489 108.758
-73.2029 124.901
-58.4089 101.124
-42.0009 106.197
-66.8536 122.381
-72.4315 135.792
-79.5577 151.697
-79.9301 126.618
-58.5462 127.953
-76.6206 104.252
-57.1892 144.281
-71.9963 150.062
-83.1964 115.99
-87.2179 107.664
-103.683 128.937
-113.049 63.624
-139.274 49.0824
-89.9492 150.31
-85.2985 116.314
-78.5034 114.348
-92.2612 114.783
-91.95 127.439
-99.0233 131.529
-73.6001 121.549
-76.9911 120.674
-83.7413 128.419
-77.0177 131.203
-65.5932 130.434
-73.2107 137.502
-60.9251 121.952
-114.075 147.467
-67.4303 162.937
-119.738 136.859
-146.633 107.092
-57.8963 149.357
-59.4865 137.034
-83.3131 145.651
-148.71 160.023
-162.759 155.867
-149.796 174.973
-157.112 156.572
-146.733 -166.74
-165.802 145.338
-160.231 139.476
-154.657 179.747
-154.929 -177.272
-140.445 179.01
-161.689 104.601
-147.214 142.048
-142.021 143.771
-155.987 158.901
-95.1214 148.968
-99.8229 -167.835
-96.9456 -177.489
-90.1877 171.327
-111.406 161.404
-88.8931 166.088
-94.2765 178.521
-80.1346 154.006
-102.702 139.244
-83.296 140.328
-136.155 169.319
-145.045 154.109
-164.695 176.914
-106.708 150.151
-103.751 164.676
-123.172 176.957
-91.9727 166.199
-90.921 147.609
-79.1171 152.435
-106.077 113.219
-68.7588 96.831
-94.3348 110.161
-74.102 123.211
-87.2277 116.147
-69.3031 157.41
-121.446 152.108
-87.2764 123.065
-88.4817 141.658
-82.3108 129.147
-111.651 177.062
-81.2194 153.097
-77.6649 175.518
-85.6993 155.747
-62.7184 120.609
-126.898 142.759
-143.469 163.326
-95.8798 164.121
-67.538 137.99
-90.8525 140.934
-94.3941 -175.112
-92.682 124.776
-111.431 142.52
-54.688 139.249
-86.9148 148.578
-78.9801 142.674
-74.3901 155.207
-90.5899 145.614
-92.988 149.139
-99.4402 -177.516
-76.954 137.288
-97.5689 132.485
-92.3588 139.35
-83.9354 139.753
-95.57 157.345
-80.8997 167.158
-116.295 168.015
-97.5812 179.98
-92.4202 161.962
-97.675 151.605
-104.774 158.284
-131.624 161.991
-116.618 154.983
-88.2316 146.472
-84.2003 138.281
-86.3457 175.884
-92.0303 147.856
-76.0868 137.381
-76.9685 130.81
-83.192 149.627
-102.996 151.389
-92.8834 147.394
-69.0068 138.32
-105.614 148.714
-113.72 153.858
-125.01 -177.515
-119.651 141.931
-97.3208 159.791
-96.1756 149.14
-61.4449 121.102
-89.2761 161.439
-138.709 165.487
-150.889 167.622
-90.8716 154.406
-153.702 149.707
-104.687 163.157
-113.594 133.033
-106.864 159.566
-157.782 171.11
-114.603 161.064
-100.63 136.842
-77.5408 112.338
-103.995 113.63
-143.705 126.306
-135.129 121.403
-140.265 123.341
-98.6649 129.453
-70.3099 111.713
-91.5943 155.849
-97.1264 160.748
-120.778 147.077
-159.659 156.381
-121.609 162.861
-91.6697 151.412
-94.5118 168.968
-94.9126 166.33
-97.8518 174.191
-98.9123 162.176
-160.491 126.281
-125.866 108.463
-131.685 58.4248
-145.741 76.2307
-148.067 61.0151
-139.769 56.7991
-157.449 101.406
-149.179 88.345
-160.678 145.389
-143.539 148.249
-138.287 91.5219
-117.036 144.666
-141.326 84.2168
-128.51 39.5004
-142.996 40.1001
-138.832 52.0114
-111.544 61.6637
-132.963 67.0958
-153.412 20.9247
-157.453 46.7178
-141.358 63.5676
-152.521 116.588
-166.238 105.412
-157.505 107.939
-127.797 56.6746
-143.463 56.5533
-144.783 55.5856
-157.02 62.4511
-146.169 117.137
-140.406 73.2986
-153.546 73.8256
-128.181 82.6899
-97.4493 102.618
-162.435 76.457
-163.307 69.0305
-118.687 91.6286
-138.498 101.783
-157.525 153.975
-129.956 162.515
-163.384 154.602
-146.966 154.239
-139.603 108.419
-111.511 77.8912
-128.25 80.0517
-149.437 85.0853
-145.633 111.133
-134.699 126.696
-145.555 105.419
-158.205 97.4832
-152.678 38.3525
-148.383 51.3088
-149.11 41.0911
-77.5437 115.85
-69.9177 136.714
-117.157 125.346
-87.6465 103.928
-75.4483 153.39
-86.3005 157.889
-92.5145 161.075
-72.1813 129.788
-70.8033 137.103
-83.5339 156.726
-91.0173 128.878
-79.2051 150.452
-82.5889 146.066
-91.3759 147.054
-83.8917 -173.61
-90.6624 160.994
-74.9895 143.024
-165.202 155.386
-152.346 121.998
-156.685 162.619
-153.114 149.618
-171.803 159.981
-138.057 127.473
-163.667 123.751
-158.687 137.534
-158.463 140.323
-110.653 -160.946
-160.243 153.08
-144.18 154.858
-141.473 -159.724
-151.535 177.431
-89.1768 177.789
-93.1671 166.765
-81.8521 164.035
-70.6332 138.727
-95.4923 146.656
-81.8939 160.376
-90.3288 -167.101
-88.7715 158.533
-100.965 152.814
-91.7991 142.172
-82.4077 156.065
-75.6842 115.564
-85.7992 151.825
-81.6482 156.384
-84.3719 143.598
-65.0437 124.125
-107.236 -174.033
-87.6802 160.58
-87.5274 135.865
-100.278 147.563
-104.598 152.744
-97.9942 160.587
-87.4294 147.171
-98.2336 157.489
-90.5752 150.523
-87.4156 162.341
-82.8588 167.021
-93.841 119.939
-94.3459 129.932
-130.03 144.675
-87.6549 150.691
-81.1009 162.87
-78.0055 136.819
-67.9065 137.666
-77.4808 131.863
-107.358 152.712
-98.9272 147.116
-146.424 153.58
-101.163 170.805
-89.5694 148.54
-100.816 139.098
-78.7519 146.609
-75.4165 119.946
-86.9868 128.002
-66.4727 159.526
-152.693 149.386
-124.584 173.14
-161.795 143.872
-137.47 131.963
-75.0558 128.553
-79.9707 148.496
-91.8937 117.688
-81.9619 136.559
-79.9758 157.153
-117.163 160.943
-89.9479 124.769
-68.7556 135.702
-88.3785 138.863
-77.9678 129.758
-94.3615 152.633
-94.4502 150.474
-106.287 162.394
-157.398 157.415
-149.516 136.861
-154.87 169.143
-104.002 176.069
-89.9492 152.678
-89.504 139.931
-67.1996 150.065
-68.5869 104.083
-67.0277 155.006
-81.3901 158.249
-81.806 138.601
-77.3233 145.161
-72.526 123.39
-70.8896 136.468
-91.1234 133.799
-94.7481 119.128
-104.606 124.766
-137.216 169.945
-143.466 159.057
-157.14 -159.013
-146.888 163.21
178.748 162.245
-140.087 153.088
-138.711 151.411
-147.461 166.161
-145.218 144.098
-139.81 157.407
-129.074 134.633
-98.1889 114.331
-82.4168 134.505
-135.029 140.274
-118.7 167.97
-87.2412 168.894
173.664 149.765
-145.355 142.904
-74.3931 149.578
-87.9004 138.12
-133.532 162.081
-156.311 -173.178
-158.81 172.22
-142.426 156.706
-148.491 139.818
-164.486 165.633
-161.639 173.548
-133.148 130.457
-143.95 161.715
-142.092 136.475
-147.014 111.284
-149.706 160.636
-133.501 151.868
-153.359 126.85
-166.549 -172.998
-153.723 153.656
-135.307 150.118
-145.485 119.615
-111.856 141.082
-87.321 106.268
-136.62 143.963
-108.724 68.2601
-162.681 127.154
-138.734 154.002
-156.923 114.898
-158.408 159.617
-132.637 159.262
-150.486 -177.857
-160.697 164.627
-167.091 168.203
-112.096 170.285
-152.502 166.162
-147.702 156.598
-149.875 166.31
-80.672 125.057
-106.426 133.121
-97.0117 140.532
-96.4313 106.246
-147.611 138.197
-99.9417 122.926
-132.195 113.468
-71.2906 134.625
-105.215 131.406
-64.0259 136.457
-87.7265 141.447
-70.9517 135.585
-75.9007 138.908
-99.4071 146.187
-85.1538 165.434
-93.4498 135.721
-101.411 151.336
-111.513 148.274
-145.21 152.819
-77.3251 143.72
-68.4629 128.928
-119.009 155.26
-133.438 120.574
-160.716 136.661
-105.333 136.437
-145.598 155.287
-147.342 148.963
-129.335 151.651
-147.176 160.868
-144.186 144.939
-129.02 117.981
-133.144 131.783
-122.455 136.484
-148.912 166.303
-137.15 166.214
-112.867 146.248
-77.0664 145.455
-99.7397 157.311
-102.406 127.061
-107.032 128.831
-135.102 112.053
-115.021 126.685
-121.66 131.873
-137.748 101.105
-161.079 155.89
-121.502 124.025
-165.27 156.346
-156.572 161.59
-165.708 139.678
-144.273 136.93
-160.142 149.167
-141.909 160.047
-131.621 148.704
-142.897 127.104
-152.114 159.557
-159.997 151.326
-169.103 164.116
-159.549 143.802
-153.103 154.424
-145.912 145.113
-176.671 153.887
175.873 156.969
-79.3989 146.67
-112.574 142.896
-92.8344 144.828
-73.1691 146.443
-81.4671 144.631
-99.8783 154.374
-135.018 152.755
-115.036 165.901
-143.517 124.984
-150.792 168.477
-143.161 174.58
-156.953 164.533
-157.097 141.979
-134.234 135.186
-152.127 172.093
-155.518 153.42
-86.1193 125.881
-139.749 120.217
-143.858 124.541
-160.54 167.731
-155.477 -176.88
-142.891 118.086
-155.654 109.682
-139.927 81.9585
-97.9518 161.549
-84.5305 155.471
-72.4023 147.889
-84.3388 153.187
-84.7198 156.684
-86.7408 145.56
-129.453 152.453
-137.855 173.532
-140.118 146.646
-125.305 160.797
-146.608 154.756
-114.923 173.162
-135.891 154.448
-116.295 157.73
-137.956 164.071
-143.285 158.838
-139.741 179.956
-94.0739 132.243
-110.665 135.864
-139.803 170.198
-152.528 177.745
-114.838 161.175
-111.694 162.858
-108.048 107.545
-81.3748 149.303
-137.315 150.857
-91.9685 149.951
-95.1722 146.414
-82.8323 139.947
-93.0143 136.006
-109.044 130.026
-90.6058 122.282
-157.055 126.746
-89.7437 145.094
-105.642 117.551
-101.577 171.27
-102.361 149.349
-65.432 130.786
-84.9598 136.506
-97.8623 155.691
-100.532 155.386
-91.9901 159.243
-83.1977 149.81
-65.9882 98.3459
-141.542 128.125
-145.669 147.775
-92.0952 156.441
-84.6534 154.402
-107.729 161.904
-96.9261 144.938
-83.0184 168.98
-77.2447 171.767
-88.3194 -174.819
-114.934 179.167
-148.852 168.793
-144.664 162.085
-130.122 157.719
-150.012 158.958
-138.285 162.183
-154.662 150.81
-148.995 158.832
-168.488 172.006
-173.161 145.663
-120.838 136.297
-111.993 167.047
-136.389 151.144
-163.203 157.616
-122.756 146.675
-139.674 164.761
-131.849 158.286
-139.217 172.024
-151.849 163.578
-159.654 141.552
-121.842 165.956
-149.489 171.958
-139.438 143.099
-123.391 140.43
-145.569 166.928
-160.922 148.359
-158.347 -172.371
-99.5621 -164.827
-92.0372 -145.338
-155.841 176.419
-97.2732 118.104
-139.354 -172.236
-114.929 175.049
-140.483 169.643
-78.1441 149.826
-108.501 149.547
-77.7367 162.373
-79.6245 142.363
-97.0442 168.778
-75.8191 154.712
-85.4187 152.352
-77.5546 150.555
-85.7643 144.266
-113.419 146.821
-99.9902 155.861
-92.1113 164.686
-64.0092 139.505
-82.6173 143.089
-85.9271 156.178
-107.907 168.774
-163.591 116.262
-145.68 144.888
-151.814 153.814
-85.0517 161.576
-72.5039 154.376
-97.3345 156.369
-79.4229 152.592
-71.2581 153.882
-65.4093 153.492
-85.0762 -179.905
-126.533 177.085
-150.824 162.584
-138.112 159.754
-103.491 136.22
-69.8292 130.139
-102.1 146.449
-97.288 127.862
-76.1839 126.01
-91.635 130.532
-75.8119 160.331
-87.5143 144.007
-126.754 106.775
-174.139 138.777
-128.639 163.81
-157.012 165.259
-145.639 135.348
-139.742 123.853
-154.869 148.944
-159.325 156.157
-140.121 163.764
-160.607 149.047
-123.299 123.901
-134.258 133.224
-139.662 155.887
-95.6984 146.255
-86.5334 -174.316
-87.2692 140.996
-108.21 128.213
-95.9769 136.653
-106.054 150.12
-95.2468 133.911
-93.4115 140.727
-84.6557 143.224
-97.5874 150.686
-131.983 152.942
-94.3182 147.106
-177.425 169.761
-160.636 155.324
-121.368 136.151
-157.087 156.092
-161.509 154.341
-159.866 161.287
-165.095 168.65
-170.087 152.514
-149.513 146.652
-164.567 146.103
-153.056 159.249
-137.871 130.995
-131.001 119.663
-98.4464 125.868
-123.713 107.584
-140.581 131.846
-154.95 169.947
-176.627 172.324
-167.643 161.787
-157.613 144.771
-137.596 138.042
-166.279 157.517
-134.23 148.015
-135.742 136.552
-156.275 152.303
-158.109 167.972
-150.5 141.082
-154.404 150.529
-147.247 137.561
-146.71 104.449
-125.559 140.072
-173.156 162.187
-148.566 -164.512
-159.919 -157.873
-161.274 -137.119
-155.097 -163.578
-162.273 168.737
-163.271 -177.899
-158.948 177.722
-135.152 135.688
-136.277 146.41
-150.881 160.06
-172.282 148.533
-157.298 113.003
-152.023 138.379
-143.045 113.89
-86.1703 136.777
-86.863 151.892
-102.819 139.861
-113.363 154.848
-81.5688 155.042
-79.6269 114.424
-90.974 155.012
-96.6028 128.745
-69.0526 128.205
-88.1312 149.051
-79.3586 139.54
-80.6086 130.998
-131.446 142.716
-91.4983 161.712
-101.651 164.546
-88.7672 131.253
-97.1987 160.666
-113.845 137.504
-84.7238 129.107
-82.0502 160.698
-85.4161 128.588
-80.8954 111.891
-90.9933 137.449
-75.9005 100.564
-114.822 137.953
-87.2651 143.136
-105.01 -172.465
-113.184 145.458
-99.311 146.159
-104.419 136.639
-80.0239 142.1
-118.047 62.9044
-111.305 108.571
-155.292 105.46
-144.27 141.402
-160.991 157.414
-156.551 143.443
-149.323 138.029
-94.2012 130.502
-93.801 149.66
-125.262 173.68
-148.934 162.849
-142.308 160.612
-105.74 160.751
-103.755 148.642
-84.4193 140.676
-134.552 176.707
-112.431 155.992
-90.4338 165.609
-76.9344 146.087
-109.854 171.009
-86.6461 160.649
-90.221 155.989
-129.739 164.743
-132.693 173.787
-93.0219 179.188
-72.8574 131.608
-75.5352 129.372
-89.4287 141.374
-87.6785 134.064
-77.5447 97.4619
-85.7465 117.298
-82.1414 154.308
-97.6582 145.637
-122.519 153.82
-105.823 136.491
-150.036 159.819
-157.351 164.511
-90.9735 133.404
-72.253 92.2848
-135.177 123.528
-140.45 105.785
-98.572 118.073
-137.94 128.387
-146.666 125.592
-132.742 82.8461
-107.572 74.2454
-139.762 99.3911
-85.8136 128.715
-103.201 147.743
-110.767 133.346
-130.624 160.859
-128.016 138.115
-154.127 135.322
-160.345 112.847
-136.887 141.368
-161.503 172.332
-154.631 161.531
-146.007 161.31
-144.097 159.64
-145.497 155.282
-142.743 135.866
-164.912 165.927
-153.25 171.515
-153.532 168.834
-118.149 156.328
-143.502 169.63
-72.7966 142.518
-91.798 153.988
-164.494 150.045
-146.867 152.325
-143.619 136.603
-84.2733 121.962
-94.0554 136.208
-97.4543 132.806
-124.469 140.359
-94.07 138.361
-89.4052 149.597
-86.776 147.808
-90.5184 143.675
-94.9294 153.285
-148.284 -162.191
-120.189 157.263
-133.295 163.095
-117.301 145.191
-137.611 146.867
-164.195 155.571
-96.2761 139.037
-96.623 149.131
-83.5838 132.455
-96.3141 122.593
-90.4722 122.642
-84.2759 146.836
-78.8598 143.529
-86.3741 148.613
-88.4067 144.66
-84.6503 149.767
-66.8296 141.913
-100.043 155.598
-133.979 164.546
-128.805 162.475
-103.064 160.516
-98.9248 155.87
-104.974 156.685
-144.729 168.334
-120.322 161.356
-82.4146 175.289
-129.988 171.293
-90.4518 140.555
-89.4056 145.842
-79.5206 139
-84.871 128.098
-89.3666 142.968
-62.738 121.144
-102.736 131.346
-92.432 137.254
-78.1382 118.832
-76.5965 141.568
-90.0252 164.635
-69.7632 146.297
-83.1467 153.845
-145.935 145.934
-94.0198 143.686
-85.4069 130.172
-145.94 174.228
-155.493 174.113
-160.481 169.367
-149.985 161.547
-151.702 161.884
-147.898 169.337
-153.091 161.84
-151.372 160.56
-146.432 152.074
-139.625 168.313
-143.935 164.98
-126.316 171.688
-145.881 178.62
-145.748 148.874
-150.435 153.78
-154.828 153.33
-130.061 143.947
-146.415 160.665
-105.098 138.887
-91.0115 158.096
-157.116 154.883
-160.104 145.41
-153.216 163.532
-157.128 121.683
-142.166 64.8976
-144.991 71.1325
-154.201 57.494
-156.898 61.2976
-162.098 99.6624
-137.98 144.758
-152.262 148.966
-146.955 155.447
-91.4871 144.83
-114.577 146.648
-85.9383 143.763
-72.137 154.844
-103.534 143.469
-82.9109 153.893
-99.7425 159.522
-81.1219 150.241
-95.4032 156.685
-68.5766 145.721
-82.5044 150.238
-113.693 154.443
-164.424 84.2288
-160.3 112.211
-160.988 134.402
-157.201 125.593
-152.303 107.003
-163.922 152.213
-168.1 148.95
-147.127 120.908
-167.056 139.163
-172.21 142.952
-148.829 164.356
-161.138 130.413
-158.055 151.543
-147.553 141.94
-160.118 152.809
-112.521 151.582
-100.098 169.274
-92.799 146.974
-97.8002 132.687
-104.55 137.665
-81.2339 107.35
-68.9849 138.96
-102.848 130.198
-93.9883 127.153
-95.689 163.562
-74.781 151.93
-72.3952 150.027
-90.9717 147.373
-101.779 151.75
-136.136 165.177
-116.122 157.814
-130.748 148.353
-147.023 -168.944
-136.109 170.943
-156.315 160.249
-142.566 164.23
-136.084 168.415
-115.858 135.926
-125.873 151.945
-87.819 136.513
-106.786 151.699
-90.2412 132.918
-100.842 146.09
-119.103 130.158
-109.96 127.369
-96.6187 111.058
-86.2992 131.816
-84.9746 105.234
-93.0456 139.638
-104.077 158.063
-102.784 155.811
-78.6868 143.959
-67.9168 117.726
-100.028 151.77
-63.8898 165.729
-69.7772 147.014
-84.0237 125.193
-138.842 94.3949
-92.6149 157.013
-75.553 173.679
-104.244 167.871
-86.7815 170.454
-78.7573 141.044
-62.3398 166.536
-87.2072 109.706
-77.7484 150.453
-85.0631 170.43
-86.6771 146.381
-89.9922 149.52
-143.251 166.957
-100.005 149.667
-93.3164 131.97
-86.4006 149.697
-106.625 156.158
-99.5598 176.675
-73.2003 118.177
-144.413 153.355
-118.806 153.301
-79.4228 171.449
-126.55 152.379
-107.047 105.885
-105.93 133.893
-98.6489 124.394
-80.3187 134.739
-79.0639 119.013
-73.4459 124.939
-66.8054 111.112
-81.4191 139.125
-110.972 170.836
-148.694 170.529
-145.387 175.847
-155.781 148.295
-138.607 167.1
-153.395 137.784
-99.9906 151.671
-160.293 161.333
-115.012 145.652
-95.4285 159.297
-91.7706 153.396
-103.014 154.812
-98.3554 160.281
-102.653 170.027
-114.242 164.2
-91.1512 151.496
-103.885 145.766
-82.456 128.181
-92.4216 123.397
-77.7288 134.021
-99.4372 125.038
-86.6249 165.76
-79.2103 150.464
-87.0393 170.36
-91.939 153.769
-103.955 146.285
-70.2532 134.667
-80.2015 142.477
-103.309 157.465
-77.3558 141.806
-65.2661 119.185
-71.8517 168.151
-97.4506 154.367
-86.7298 167.195
-96.0286 170.853
-112.094 148.332
-83.6825 151.004
-152.757 161.092
-164.369 162.096
-160.882 178.166
-122.892 159.651
-108.856 151.571
-88.2955 143.106
-80.8587 146.064
-85.8602 114.474
-78.8496 136.457
-88.2809 154.41
-71.6234 131.487
-72.9795 166.681
-87.2745 177.307
-83.5298 149.048
-87.4883 168.172
-93.0898 136.388
-98.2295 166.194
-95.4849 122.592
-145.854 74.5215
-152.936 31.2997
-167.134 58.9498
-112.461 40.7245
-94.3255 131.792
-101.047 80.3248
-84.7815 153.952
-76.6665 127.606
-73.7686 134.587
-91.0069 129
-98.2213 139.444
-88.9713 133.125
-81.1225 135.998
-77.5419 138.23
-72.4586 121.977
-91.5964 172.267
-115.999 117.317
-98.6336 152.725
-118.198 165.451
-125.405 148.556
-71.0302 150.363
-79.4951 -166.548
-91.0375 150.127
-73.6837 135.122
-104.091 153.235
-82.6018 142.12
-86.3779 148.209
-111.026 164.127
-86.5939 166.639
-83.4835 162.211
-134.833 171.205
-143.8 161.753
-146.545 166.414
-126.881 160.965
-121.603 154.659
-78.8946 142.384
-110.161 144.887
-110.955 120.788
-143.039 142.047
-158.663 145.959
-133.532 157.468
-91.096 -170.373
-83.7382 156.187
-59.8124 171.737
-98.6652 177.929
-97.1017 152.529
-88.5784 144.309
-83.9268 140.165
-65.1452 151.207
-90.3927 165.438
-92.2052 149.632
-100.4 166.765
-93.1089 156.291
-64.7503 144.533
-101.591 160.4
-94.7214 149.128
-99.7662 149.437
-79.4668 169.991
-86.9334 147.604
-92.5422 159.33
-80.0822 125.517
-90.0992 133.848
-106.412 138.874
-101.798 134.46
-119.281 153.235
-111.753 150.036
-96.2861 159.452
-79.2598 162.832
-74.4784 135.284
-111.968 158.375
-92.7113 147.5
-162.843 159.315
-142.153 158.73
-150.981 -175.683
-152.682 -176.078
-157.331 179.703
-135.174 135.948
-107.944 138.996
-91.7823 133.295
-90.3871 141.749
-98.0709 148.862
-80.2772 136.193
-90.1582 125.574
-94.989 160.086
-90.1032 136.034
-119.581 174.325
-161.371 147.417
-116.491 141.654
-145.881 -176.3
-137.666 168.596
-165.75 151.911
-146.903 154.264
-117.374 159.236
-92.0889 156.26
-133.27 150.42
-135.497 -170.522
-154.984 167.814
-99.1634 101.087
-85.8414 144.526
-85.5982 124.522
-99.0916 148.235
-115.198 146.61
-152.984 134.942
-113.65 128.532
-140.65 120.433
-125.284 122.601
-144.964 145.285
-127.179 152.471
-91.9204 129.783
-94.0643 140.999
-91.8129 166.842
-86.6259 101.498
-81.9101 123.427
-64.8645 113.247
-141.415 146.555
-131.766 158.425
-107.792 95.1073
-92.9092 63.1908
-136.128 26.9136
-130.187 52.0135
-152.488 42.1936
-104.033 38.9696
-113.237 35.5966
-112.119 53.238
-145.396 54.8689
-81.2283 152.327
-84.0919 165.88
-132.207 149.56
-79.5386 147.56
-78.4876 141.463
-124.376 155.124
-84.5676 162.238
-73.3164 125.893
-153.185 134.015
-158.12 133.45
-157.331 170.072
-145.13 144.774
-160.596 162.678
-156.057 140.866
-148.913 146.458
-148.406 158.471
-149.048 143.066
-130.092 138.062
-127.639 148.273
-153.853 162.536
-150.601 159.567
-143.056 139.71
-149.183 150.382
-137.387 170.027
-156.784 162.034
-148.072 158.866
-130.891 171.705
-134.25 151.592
-125.499 173.775
-147.02 -179.349
-127.442 157.31
-152.197 137.05
-150.933 138.375
-138.023 136.843
-129.168 132.932
-110.692 177.397
-93.7103 152.078
-94.8836 147.109
-91.2285 153.35
-71.1327 148.644
-102.541 129.148
-129.765 158.464
-87.7285 151.459
-134.651 151.328
-87.5121 148.691
-94.6255 161.555
-92.6185 164.764
-120.488 146.687
-106.201 131.38
-125.97 165.936
-106.964 130.125
-143.43 163.005
-96.7916 171.557
-97.1991 161.013
-120.241 166.079
-130.307 145.465
-164.838 127.999
-129.373 152.09
-160.124 148.433
-146.537 138.926
-112.509 135.312
-143.6 111.011
-168.748 125.708
-163.893 139.218
-94.9194 113.509
-162.244 92.4255
-100.521 152.437
-94.9739 83.4892
-126.034 143.87
-94.7285 139.211
-157.982 105.872
-164.623 70.4871
-72.3412 141.457
-90.9788 141.624
-74.3743 157.642
-92.5129 175.158
-70.3956 153.898
-94.1936 142.604
-96.0769 158.355
-63.272 151.601
-86.3071 139.243
-85.7228 152.399
-72.7767 154.715
-77.6618 154.721
-87.124 143.139
-69.867 157.746
-104.351 150.637
-74.39 172.001
-91.4041 165.471
-102.692 130.477
-126.83 147.519
-137.695 175.802
-127.483 161.342
-90.3517 144.458
-99.3682 138.059
-136.995 155.233
-91.294 152.249
-77.2145 137.369
-73.3843 109.959
-96.6628 127.134
-92.7929 142.422
-99.8415 143.947
-92.9979 113.631
-135.718 128.596
-149.305 179.29
-150.509 -160.154
-131.551 162.164
-118.805 161.588
-140.87 152.582
-95.9559 157.078
-105.707 129.238
-136.49 152.874
-77.516 144.209
-77.0306 160.68
-91.8357 174.572
-83.0651 135.324
-75.8298 141.958
-77.1901 124.314
-63.6007 131.278
-80.9195 142.47
-136.33 172.338
-108.115 145.822
-98.5721 158.223
-84.3562 150.295
-101.413 153.513
-74.8227 152.922
-90.9016 -175.883
-76.4001 147.528
-72.2127 -176.244
-77.5298 161.643
-79.1076 171.642
-68.6251 140.619
-91.9767 155.579
-98.434 139.961
-59.414 146.573
-80.8711 160.119
-69.3657 125.408
-79.0749 148.163
-80.0615 140.696
-84.7997 166.89
-76.1815 152.443
-81.1538 144.203
-82.6879 145.34
-104.177 124.576
-107.299 145.341
-72.6072 108.361
-91.5338 32.764
-151.874 121.862
-157.191 132.585
-152.446 141.69
-162.42 161.302
-119.295 142.352
-130.605 53.8878
-141.445 101.669
-145.928 95.3819
-137.642 62.1394
-125.245 46.2982
-154.681 44.1253
-71.4446 134.858
-77.3208 147.68
-95.2298 158.077
-113.136 149.269
-101.247 155.785
-160.041 57.3543
-87.4803 133.211
-95.6188 138.209
-112.504 146.716
-150.721 154.645
-78.1451 128.636
-100.004 142.836
-85.8765 153.227
-102.158 144.778
-76.485 121.903
-100.208 126.376
-82.5365 159.074
-99.7561 149.336
-103.727 113.625
-88.6441 148.77
-161.595 148.314
-146.534 126.509
-137.47 131.327
-86.6646 110.583
-136.311 79.5822
-137.393 75.8812
-148.49 80.6124
-149.243 69.1613
-137.938 102.689
-147.24 76.2884
-147.428 127.307
-149.087 120.46
-131.075 106.551
-141.376 133.37
-88.9039 167.968
-97.5073 165.066
-82.414 164.449
-71.9416 140.492
-104.037 172.409
-68.9519 131.227
-73.0081 124.866
-89.834 155.842
-72.5637 144.558
-93.3114 135.86
-76.7852 140.811
-79.4254 144.894
-104.057 128.216
-81.0236 149.541
-90.3999 133.118
-66.5756 127.483
-83.9009 145.935
-151.929 151.852
-152.494 144.475
-131.514 121.213
-140.144 -160.156
-176.173 146.646
-163.096 140.435
-74.3317 118.628
-115.286 169.962
-80.0541 129.083
-83.7943 146.012
-118.162 176.744
-92.7082 147.663
-89.8926 153.128
-74.7469 126.642
-88.3211 143.067
-93.5916 141.188
-78.2332 137.241
-82.6896 152.143
-71.1621 120.003
-63.6239 119.289
-103.892 163.727
-78.5661 160.884
-86.8288 146.439
-72.5548 154.009
-109.637 153.87
-68.4975 157.705
-104.279 174.34
-128.923 141.931
-94.3068 165.861
-72.8274 176.843
-78.4334 137.932
-75.2512 121.546
-99.8057 155.347
-83.025 148.2
-111.309 154.205
-92.532 147.36
-145.938 -137.984
-147.2 -161.463
-90.5351 174.053
-88.9019 160.82
-108.696 164.3
-121.763 165.465
-105.342 149.724
-86.1115 138.52
-75.4047 103.91
-76.862 145.315
-61.4272 148.241
-99.6237 171.653
-92.7088 141.668
-106.055 151.915
-104.202 153.991
-108.016 163.719
-98.2867 165.366
-78.2948 171.722
-141.395 162.469
-87.9706 166.701
-97.871 126.002
-79.0848 123.508
-114.381 142.27
-158.145 146.461
-135.512 -171.846
-82.809 137.255
-87.2482 161.911
-89.0159 134.325
-99.2829 121.943
-93.6814 121.47
-100.333 154.766
-141.852 61.143
-163.749 85.6062
-147.459 57.4072
-151.589 52.9888
-142.844 144.232
-136.342 -170.824
-95.3469 -174.838
-124.043 -166.441
-90.3969 162.712
-74.8939 148.172
-71.0739 172.724
-84.0604 124.243
-87.1284 119.704
-81.569 156.77
-85.0077 141.274
-96.4992 117.837
-81.4922 123.502
-125.906 149.087
-103.106 157.009
-91.0449 96.4026
-101.174 142.673
-111.028 140.726
-80.0345 154.638
-94.5819 148.681
-91.0482 143.334
-127.598 140.489
-103.889 141.599
-128.796 120.531
-107.296 136.532
-151.973 122.908
-132.992 146.625
-132.766 161.547
-136.238 165.03
-134.666 154.128
-142.512 167.738
-147.709 161.349
-149.462 169.491
-153.085 166.79
-97.7648 118.779
-98.4485 121.607
-100.473 124.738
-99.1043 130.976
-86.9322 132.404
-62.6495 136.042
-74.0457 134.086
-91.0378 156.875
-78.005 153.762
-75.6332 139.18
-75.4713 156.199
-89.6027 169.657
-87.6602 157.862
-80.1138 162.334
-88.8407 173.876
-156.491 167.781
-100.422 133.88
-71.699 117.902
-81.4081 146.2
-156.571 163.37
-61.6653 153.767
-94.4139 135.917
-111.647 -161.921
-111.797 164.446
-94.3304 161.842
-102.309 176.219
-113.261 120.428
-115.917 96.9449
-98.141 117.12
-91.6503 148.639
-84.525 147.182
-95.9396 134.067
-116.666 137.656
-104.813 158.364
-109.578 166.827
-99.0806 157.887
-78.2939 144.117
-92.2945 142.906
-103.202 155.463
-99.5303 166.627
-85.7054 135.656
-89.224 148.268
-103.268 157.59
-89.8214 109.932
-95.6588 149.309
-87.5509 172.773
-73.2205 161.631
-71.0243 159.663
-93.8212 163.944
-118.929 163.46
-131.433 176.128
-126.655 -126.888
-149.43 -132.64
-137.925 -153.12
-131.912 175.111
-141.738 165.253
-138.092 132.949
-149.779 97.3792
-135.327 160.829
-156.407 131.484
-137.663 150.378
-88.7277 161.779
-67.4041 155.249
-81.6209 153.431
-91.6947 147.463
-94.3403 158.824
-113.225 151.399
-141.787 169.024
-146.315 156.983
-105.586 144.471
-93.8993 113.925
-67.5124 100.74
-86.9406 109.073
-92.3918 124.301
-96.5724 138.168
-115.334 152.41
-103.319 151.892
-111.359 148.386
-110.223 141.863
-90.941 141.862
-87.9957 160.047
-97.2507 153.513
-142.726 172.374
-80.3815 136.664
-75.2269 135.312
-84.0476 173.568
-81.742 165.243
-78.8136 171.055
-88.9843 168.034
-80.5598 149.875
-140.911 137.903
-157.06 141.501
-124.226 157.998
-137.929 171.89
-138.457 161.861
-149.134 168.791
-146.068 158.33
-159.487 126.637
-139.572 124.808
-134.912 115.187
-134.733 117.758
-151.344 136.973
-173.037 123.826
-156.029 145.007
-164.967 136.35
-150.392 138.191
-151.079 119.366
-137.058 134.86
-139.283 137.539
-143.038 115.587
-137.339 122.646
-143.963 115.846
-149.016 159.567
-139.544 142.6
-162.967 153.062
-168.989 155.772
-161.471 -177.659
-167.097 158.063
-156.085 148.77
-106.574 144.116
-111.587 163.808
-81.8114 120.221
-66.2588 138.516
-104.409 108.941
-104.193 140.636
-139.74 104.398
-127.906 123.868
-139.689 126.086
-128.33 63.9092
-140.241 68.6871
-151.729 91.9294
-108.617 91.3872
-111.559 92.0849
-136.36 133.421
-165.867 165.753
-156.957 125.12
-140.626 145.624
-162.726 160.678
-149.397 131.854
-148.414 119.782
-161.857 150.369
-160.894 134.656
178.304 129.401
-168.398 148.021
-142.966 126.297
-141.487 146.03
-157.601 154.361
-134.764 151.91
-164.485 175.261
-161.853 146.025
-145.818 161.71
-142.628 126.797
-107.73 146.942
-145.46 158.979
-164.614 171.7
179.185 144.614
-145.187 122.204
-141.125 129.06
-137.158 84.5574
-173.542 169.01
-105.889 148.417
-159.354 110.177
-146.921 145.978
-161.04 122.371
-147.424 139.143
-102.693 114.532
-155.443 133.029
-119.911 165.743
-158.204 148.664
-70.1834 141.203
-84.0233 143.642
-83.2086 152.969
-60.197 155.959
-77.697 143.142
-75.965 156.91
-88.4493 153.746
-94.3038 166.12
-88.1878 148.528
-77.1551 154.575
-143.486 156.763
-136.419 161.808
-101.777 139.263
-83.3942 134.484
-96.0221 144.473
-89.443 136.128
-125.989 -176.879
-168.209 148.665
-151.788 145.076
-144.709 143.983
-141.412 154.654
-147.62 163.515
-146.005 161.567
-148.245 174.147
-135.858 -172.257
-91.3106 -177.144
-127.308 144.731
-155.399 158.838
-127.338 162.23
-97.5666 146.937
-169.207 135.147
-136.684 154.719
-157.754 155.64
-163.835 170.378
-165.075 176.625
-149.198 160.959
-134.724 161.225
-137.106 158.006
-164.226 -175.916
-140.778 175.792
-123.012 162.128
-141.201 139.937
-166.847 162.855
-128.159 169.984
-157.675 166.475
-129.249 165.515
-86.3362 -176.155
-105.406 164.19
-76.7697 179.244
-139.287 174.927
-101.514 164.458
-111.748 -169.234
-88.0998 168.646
-86.251 143.649
-104.212 153.847
-105.633 137.073
-115.289 142.076
-137.478 136.542
-123.553 142.958
-92.3657 106.338
-89.5854 124.49
-100.917 108.65
-132.013 110.994
-90.697 76.6773
-76.6627 118.017
-136.671 146.046
-136.866 175.428
-134.805 122.147
-100.341 156.64
-100.485 174.616
-97.8207 158.2
-82.1031 159.054
-78.9583 160.748
-138.538 172.531
-123.92 167.494
-145.464 154.512
-148.543 146.649
-139.199 150.468
-161.777 172.139
-139.762 156.361
-88.4465 130.126
-152.754 154.072
-145.302 164.976
-153.616 171.147
-153.009 161.526
-142.146 156.803
-98.7982 152.403
-125.812 121.851
-142.381 168.865
-157.931 147.631
-159.749 168.633
-150.811 144.014
-137.967 132.47
-132.341 119.997
-146.136 75.3084
-97.5953 -156.701
-69.2844 169.41
-89.9526 151.424
-86.3735 143.615
-81.4283 177.444
160.078 164.857
-161.574 64.2554
-166.309 69.6538
-151.094 98.0607
-172.501 94.5049
-167.367 91.0382
-142.06 59.18
-149.106 131.868
-145.806 150.594
-123.426 147.44
-57.4823 141.668
-73.4426 147.472
-73.2664 154.23
-91.3979 140.002
-82.8088 141.486
-89.5739 120.936
-145.267 171.88
-154.564 144.34
-138.882 148.98
-141.603 150.029
-166.128 162.022
-165.953 140.611
-164.693 179.828
-143.287 143.898
-152.634 139.31
-143.432 164.115
-139.093 154.47
-166.262 134.612
-122.293 119.975
-157.139 148.842
-100.064 109.77
-107.749 136.395
-139.582 127.097
-148.319 128.47
-154.717 159.357
-151.633 154.709
-139.335 135.185
-162.572 151.409
-150.689 179.548
-140.784 165.751
-152.549 157.483
-149.137 157.661
-154.024 140.652
-149.753 103.977
-151.735 149.19
-115.27 132.047
-117.572 -177.416
-92.7995 153.277
-82.3331 147.139
-80.6371 158.956
-77.4055 149.208
-73.7138 119.395
-61.4675 141.028
-82.6668 143.729
-84.2772 151.916
-117.02 171.637
-83.6855 161.182
-69.7649 166.23
-86.6679 144.153
-77.4614 160.658
-129.107 161.423
-114.78 154.173
-170.947 131.073
-74.3823 144.9
-101.524 134.64
-93.0944 115.552
-128.091 143.63
-137.44 145.333
-155.421 176.163
-131.2 157.498
-127.361 163.295
-76.0928 149.947
-90.3556 135.547
-79.4317 138.533
-73.0018 149.842
-77.7271 135.528
-107.517 134.447
-87.0106 149.159
-102.459 137.014
-88.1918 144.338
-92.0659 126.253
-96.5805 164.413
-94.6698 152.852
-84.7141 144.352
-91.4104 143.278
-97.8717 163.537
-85.6314 155.513
-87.9197 153.056
-109.913 111.212
-52.1271 140.025
-95.6094 160.394
-90.3754 127.811
-103.411 120.59
-65.5 116.407
-94.4596 140.923
-88.5239 133.483
-94.6341 135.194
-98.9753 139.149
-140.159 138.613
-106.521 151.075
-83.0081 146.85
-89.8643 136.667
-72.2797 153.366
-104.428 148.732
-109.74 174.318
-83.3811 167.177
-89.2119 174.116
-92.2207 153.079
-85.2111 145.47
-77.3617 149.842
-98.0873 149.044
-88.2648 146.904
-90.6572 145.333
-88.1399 147.784
-99.159 179.804
-73.2852 154.116
-85.2545 162.74
-98.9965 113.196
-138.336 160.953
-123.178 140.558
-139.182 139.108
-144.402 152.196
-145.754 155.603
-99.9894 145.842
-152.811 140.283
-146.315 136.208
-138.094 136.343
-152.354 157.642
-90.4846 123.987
-104.525 138.304
-131.59 107.459
-133.534 124.505
-149.012 139.759
-144.009 88.0563
-141.734 78.3775
-126.017 66.7743
-86.6028 100.382
-96.1703 119.907
-116.967 127.575
-147.273 116.188
-149.048 129.151
-132.835 138.938
-154.022 134.744
-114.842 156.788
-116.692 138.955
-144.955 143.053
-116.37 114.723
-140.991 175.108
-132.176 165.919
-135.33 122.259
-157.336 153.27
-148.138 140.537
-160.977 151.219
-129.405 168.094
-132.76 179.677
-85.3422 126.658
-103.492 64.5367
-138.811 76.6192
-160.665 88.5595
-130.283 104.105
-160.834 126.009
-156.589 161.992
-107.107 43.2906
-164.611 71.9743
-116.534 48.7073
-149.465 103.741
-150.436 75.1984
-137.899 167.822
-88.2854 163.947
-89.4727 171.216
-105.444 164.798
-82.7724 156.865
-89.2909 130.162
-92.6571 150.521
-88.9813 149.968
-153.951 -172.835
-149.709 174.493
-171.427 177.927
-138.605 152.423
-131.569 144.438
-131.542 164.32
-108.651 164.876
-84.4668 135.175
-127.656 142.422
-110.711 118.512
-90.209 125.017
-131.6 156.701
-151.981 161.473
-161.947 168.706
-159.642 159.119
-137.081 128.343
-159.583 161.412
-159.863 113.47
-166.071 125.535
-168.331 141.643
-159.796 137.364
-142.802 132.497
-148.807 70.4537
-147.163 98.228
-132.874 98.452
-141.268 140.861
-153.284 157.596
-143.03 139.981
-163.721 147.479
-149.105 162.774
-173.26 168.971
-149.816 174.149
-156.29 161.145
-156.281 128.015
-138.759 154.142
-131.548 152.113
-140.965 149.435
-137.167 148.489
-140.92 155.99
-158.851 154.826
-140.714 179.662
-108.268 153.957
-148.451 154.484
-141.027 139.07
-142.543 138.165
-151.505 158.609
-72.2909 134.52
-109.164 136.727
-123.749 146.024
-89.5407 142.767
-87.2745 160.39
-87.268 174.376
-101.821 149.823
-69.5184 138.484
-104.346 162.723
-144.038 92.3098
-109.669 165.011
-112.585 166.776
-126.567 142.578
-105.948 153.943
-147.489 88.4741
-162.956 78.0373
-152.646 48.3823
-96.8434 41.5841
-178.99 155.278
-165.879 -171.687
-129.973 157.913
-148.121 156.761
-170.223 127.465
-162.4 129.586
-156.505 148.406
-146.172 132.579
-144.451 143.697
-164.461 171.52
-164.315 135.579
-159.813 149.53
-170.18 140.909
-85.0908 149.891
-92.2314 158.654
-78.2159 156.329
-97.9819 141.237
-73.0042 129.241
-94.3593 119.739
-87.3436 129.912
-90.0875 128.699
-67.0182 130.104
-106.318 134.17
-108.9 -171.348
-101.806 139.805
-137.068 108.035
-127.709 148.049
-95.5388 146.298
-137.742 -175.691
-90.3102 125.86
-96.9701 140.707
-111.107 152.33
-141.607 161.256
-76.2967 133.718
-63.1231 144.325
-81.9547 147.555
-94.4331 160.021
-107.538 -170.219
-118.599 -179.893
-137.498 154.466
-89.3147 151.48
-91.8749 165.602
-75.5893 153.304
-68.0934 144.312
-79.6198 166.38
-100.066 161.741
-91.2004 169.177
-80.4439 -179.193
-83.0618 163.502
-129.369 169.383
-127.503 168.329
-129.416 171.489
-106.52 -167.052
-133.884 157.791
-146.288 155.045
-158.953 -164.374
-161.739 163.374
-151.39 153.972
-95.5086 125.515
-83.8566 149.297
-104.692 109.2
-136.402 131.812
-150.019 145.517
-135.213 165.301
-155.378 146.909
-132.342 173.651
-138.83 174.055
-159.645 172.477
-154.935 173.532
-148.579 151.685
-166.193 177.677
-169.682 -178.441
-141.81 131.67
-130.194 128.826
-150.783 99.6529
-154.171 98.9313
-150.77 119.183
-163.685 121.706
-145.496 110.475
-91.298 119.949
-135.366 164.327
-109.739 -176.17
-135.713 148.611
-148.966 174.378
-118.53 149.56
-159.552 162.969
-83.8064 168.328
-97.8405 178.578
-98.2416 151.004
-103.916 163.058
-85.6667 169.388
-107.541 168.099
-149.85 164.372
-118.916 148.721
-127.505 176.557
-144.943 157.262
-153.253 165.222
-98.0589 153.783
-68.1192 134.865
-111.858 169.594
-84.5849 125.087
-75.8876 134.264
-103.712 127.099
-154.036 55.6364
-164.669 64.254
-160.67 83.7326
-156.993 103.132
-156.178 90.957
-145.172 74.9687
-152.705 74.1701
-162.036 136.205
-150.75 123.729
-158.954 122.673
-159.94 159.697
-145.489 153.61
-136.845 157.48
-157.394 -173.856
-136.733 144.695
-160.382 -174.975
-153.538 170.79
-136.969 109.19
-86.6846 135.604
-82.4619 153.792
-79.3363 115.999
-80.9372 151.356
-100.513 161.291
-72.7174 129.844
-87.3437 130.577
-88.6151 168.666
-77.7223 163.381
-102.629 157.914
-67.2394 152.778
-88.5239 160.015
-88.4697 172.711
-158.01 123.966
-175.058 141.761
-149.719 144.737
-135.653 160.816
-138.1 171.773
-142.762 145.49
-159.956 155.331
-148.675 99.1706
-116.697 70.0286
-144.931 72.1951
-97.9779 78.3892
-152.054 148.121
-148.314 141.363
-138.027 130.844
-151.399 121.365
-127.955 107.664
-127.665 116.691
-165.614 173.816
-162.222 161.092
-155.334 153.592
-148.056 153.388
-156.402 161.055
-144.931 175.166
-174.573 151.655
-141.159 169.404
-156.522 -173.048
-161.914 174.806
-164.457 178.385
-154.836 176.537
-138.539 120.845
-152.391 122.584
-145.167 105.08
-151.496 137.181
-163.089 162.472
-176.285 145.797
-128.069 142.887
-156.81 145.052
-155.085 126.283
-148.807 157.975
-135.304 163.608
-162.871 166.09
-148.118 154.178
-141.515 138.514
-148.474 159.675
-129.818 160.026
-142.809 -179.886
-124.286 157.592
-141.015 146.259
-130.718 138.789
-161.588 147.159
-151.101 153.194
-150.099 164.003
-118.025 127.464
-135.983 153.879
-143.535 106.571
-136.739 70.8603
-166.148 63.4672
-142.453 51.3045
-113.074 33.7884
-121.388 35.2625
-121.797 56.0671
-88.424 157.618
-107.605 177.486
-101.092 149.482
-144.958 146.28
-137.606 168.752
-122.036 174.473
-155.695 171.237
-146.386 175.997
-145.596 170.452
-129.63 165.057
-108.655 157.494
-132.22 147.458
-110.437 157.143
-62.0808 131.703
-88.6161 159.327
-93.9145 70.4825
-79.5555 104.434
-109.483 114.115
-112.156 110.552
-139.805 151.513
-147.732 108.776
-127.369 128.877
-149.976 118.479
-153.17 146.408
-172.36 155.372
-158.683 124.035
-152.968 151.27
-131.191 161.554
-148.617 173.8
-143.416 126.375
-167.946 140.284
-118.008 158.181
-103.69 144.759
-80.0605 120.49
-122.861 155.224
-84.0009 142.424
-86.9593 145.989
-85.5725 135.593
-96.2534 152.135
-73.2645 155.332
-112.449 141.399
-94.1853 149.68
-79.5322 172.129
-136.073 139.496
-111.582 141.316
-114.229 145.513
-141.639 160.163
-140.724 146.922
-94.1313 142.802
-107.928 91.2944
-135.051 119.341
-143.023 153.545
-139.436 162.972
-172.771 143.68
-174.826 159.713
-157.035 156.927
-162.645 154.521
-158.174 147.501
-89.6573 177.936
-97.7716 154.037
-88.241 149.997
-114.433 152.013
-106.783 132.816
-113.787 125.946
-129.727 140.461
-144.858 155.265
-148.348 140.013
-96.0922 141.517
-103.106 155.534
-102.585 131.852
-104.893 177.738
-118.056 178.469
-148.159 177.437
-148.081 134.188
-139.625 158.106
-112.579 -175.158
-119.444 -177.712
-113.089 -163.491
-77.6591 171.662
-151.343 -165.394
-132.978 171.531
-87.9211 127.772
-77.2003 146.427
-97.7779 163.348
-128.609 117.468
-101.992 130.297
-79.7434 103.778
-97.7396 121.035
-166.867 132.332
-94.4112 141.198
-67.723 120.069
-81.5678 158.614
-86.736 167.381
-66.6234 151.998
-75.9069 155.613
-121.282 161.847
-97.0449 177.653
-124.935 -149.519
-89.3513 -163.204
-97.9583 57.4719
-147.254 75.0479
-112.856 125.851
-113.715 123.365
-92.8801 108.551
-81.4632 110.851
-86.3614 133.608
-91.2149 170.996
-95.5652 156.232
-83.0662 148.288
-90.4054 163.06
-153.341 168.939
-97.8588 159.046
-99.7087 147.135
-56.9925 147.002
-82.0172 139.797
-163.409 147.167
-104.576 167.653
-104.697 152.803
-83.8766 157.172
-94.1206 141.217
-67.6012 135.694
-109.055 169.138
-102.65 -176.727
-102.986 140.6
-87.3287 142.132
-91.9187 145.562
-108.361 135.434
-76.1587 131.641
-79.8998 117.032
-90.0612 158.274
-82.7496 170.022
-100.564 147.948
-72.9156 130.041
-90.9447 152.443
-118.33 141.102
-78.5896 117.528
-79.4792 113.471
-97.5466 133.663
-98.2056 177.557
-96.1524 165.519
-88.1859 158.968
-108.168 166.541
-103.491 165.759
-133.278 151.186
-141.987 162.223
-121.123 176.094
-94.0407 132.309
-84.8968 96.3492
-136.163 142.945
-146.212 159.52
-63.8311 -13.476
-82.3019 -13.6995
-94.5561 -1.86215
-86.4392 -28.2656
-91.6436 -11.4492
-107.463 -30.787
-105.25 -17.3324
-82.1271 -22.2632
-66 -15.766
-101.226 -24.6891
-93.6923 -14.5096
-63.9337 -20.5851
-69.669 -19.2724
-79.0156 -22.6628
-70.3544 -54.1921
-76.1439 -35.0185
-72.2941 -16.994
-53.6148 -17.4483
-67.1679 -28.105
-77.8902 -28.8247
-57.7223 -29.0471
-68.6053 -31.7285
-74.2518 -25.3113
-92.1202 -15.5997
-64.5328 -28.2729
-76.6297 -26.2796
-85.127 -13.5681
-95.139 -24.0244
-133.792 -8.0169
-81.9151 -11.0083
-90.1668 11.659
-72.1347 -39.7401
-76.7945 -24.177
-81.1749 -15.7379
-61.7928 -48.2597
-71.0668 -27.7467
-125.44 7.09271
-92.7195 -27.5774
-91.2457 -2.61539
-90.7649 -21.9737
-98.5087 -5.59233
-93.6614 -34.9431
-72.2859 -18.7282
-77.4816 -21.3453
-71.6683 -15.8155
-78.097 -3.97611
-69.4555 -26.0487
-90.0055 -12.233
-72.2803 -33.5091
-82.2816 12.6565
-86.0696 -16.3579
-86.9128 -20.7221
-81.5774 -42.1783
-90.3078 -6.89151
-89.6642 -40.0844
-77.608 -33.6463
-77.9054 -34.455
-65.4254 -23.3743
-59.0926 -22.6898
-69.9955 -21.9069
-157.045 21.2905
-85.2296 -3.77554
-122.949 5.82585
-83.3771 -10.2099
-92.4138 -13.3765
-92.8864 -30.2916
-47.9536 -33.3005
-84.2771 -11.7877
-82.1457 -29.1923
-84.2555 -36.2711
-94.6326 -21.8374
-89.482 -11.8342
-86.4625 -12.3864
-101.24 7.60158
-82.7574 -28.0568
-88.2744 -8.02358
-108.288 -22.3107
-74.4398 -19.4828
-77.4783 -13.3342
-71.7457 -20.0358
-109.204 -22.7871
-76.7962 -30.3482
-91.1327 -9.53158
-85.0675 -24.4546
-65.758 -37.6854
-83.0343 -19.1956
-67.8919 -17.9974
-74.2406 -12.2239
-85.6472 -18.0959
-82.7493 -11.1984
-70.6344 -6.04085
-83.5999 -10.0562
-95.7426 -7.27635
-81.3301 -17.5211
-84.4477 -15.6311
-90.7542 -4.9599
-99.5207 1.66742
-72.131 -8.12579
-109.32 2.01266
-75.1281 -13.3911
-67.3375 -27.9298
-84.1757 -16.4556
-100.138 3.3219
-92.9888 -0.160713
-100.674 -3.97409
-93.1326 -6.0544
-95.8925 7.01761
-74.3887 -4.9659
-74.428 -23.2925
-93.9253 -32.1358
-106.988 1.21176
-113.128 11.7776
-116.154 -4.88263
-98.5536 17.2568
-106.482 1.88616
-154.604 20.0757
-73.1886 -11.8788
-83.5954 -21.1739
-84.1385 -1.37131
-71.9519 -9.25149
-81.6602 -21.3029
-74.9699 -28.4402
-63.8876 -30.3359
-72.1353 -5.88786
-86.5113 -16.8296
-90.2913 -26.4258
-94.4059 -23.5558
-92.6851 -8.73579
-74.7208 -20.7736
-64.6255 -33.9534
-80.6803 -46.2904
-70.2292 -23.4957
-52.2767 -24.6475
-77.585 -10.858
-78.7152 -39.3301
-85.1256 -12.1114
-75.9827 -29.2323
-106.198 -9.56125
-61.7524 -31.0289
-80.1793 -11.696
-79.3548 -2.32389
-77.1872 -9.70879
-74.5772 -7.20348
-80.9626 -0.517377
-93.1569 -14.9559
-66.7861 -26.1039
-89.6317 -10.1019
-84.3855 -8.94709
-86.0028 -11.6313
-78.7224 -20.3014
-94.111 -16.6711
-125.512 5.28539
-150.09 15.5852
-112.364 -6.70318
-67.9881 -30.3581
-67.8291 -33.9025
-78.0473 -41.9137
-85.3477 -24.8517
-81.6299 -18.5048
-93.7033 -4.32522
-70.6342 -53.7356
-139.77 23.2078
-77.3344 -31.4751
-62.3086 -46.9435
-92.3921 -6.64945
-67.315 -47.2273
-60.8921 -41.5147
-75.6189 -33.1984
-75.2207 -19.081
-85.569 -20.3523
-72.2547 -16.4711
-62.7167 -43.057
-96.0436 -18.5681
-90.9938 -12.1182
-87.936 9.13121
-111.187 3.04549
-133.933 13.4036
-100.931 3.60788
-98.6756 -7.02465
-85.7598 -6.06146
-113.4 3.71568
-80.4484 -23.5313
-76.1779 -21.4742
-78.1868 -23.5472
-89.1206 -6.30335
-88.1799 -5.5196
-98.3813 -1.60474
-95.269 -1.00988
-86.9676 -1.46086
-84.7744 -2.29106
-76.8327 -47.8379
-93.8122 -34.8338
-68.818 -8.01952
-95.9602 -9.94382
-71.8233 -26.2886
-100.855 -11.4488
-87.075 -14.135
-81.2296 -33.5057
-95.004 -7.58711
-67.963 -33.1224
-87.5036 -19.1972
-82.9781 -14.6991
-84.2812 -33.2334
-96.9557 -28.4996
-67.0866 -34.1577
-89.2483 -7.3361
-79.2967 -30.4411
-95.7582 -40.8627
-80.0813 -35.0245
-79.1431 -27.6968
-65.5118 -49.6483
-65.7801 -39.2449
-52.2739 -19.7684
-69.9953 -25.1465
-87.7744 -10.6974
-73.1078 -44.1603
-69.4869 -44.9884
-76.2838 -32.9086
-94.8808 -34.776
-62.517 -51.7696
-56.9022 -37.7184
-84.1041 -42.0251
-71.7756 -27.536
-85.6552 -29.1569
-80.5307 -33.035
-61.0765 -23.678
-60.8858 -31.335
-87.2234 -29.3426
-64.9508 -35.8872
-96.0772 -20.9549
-55.7651 -51.8377
-98.4681 -55.834
-71.4605 -31.6595
-83.9948 -53.0943
-80.4445 -42.1148
-81.195 -42.7946
-62.6895 -37.5952
-81.911 -23.4286
-73.85 -34.7361
-69.4602 -23.7054
-61.0444 -36.2126
-73.9016 -41.5713
-74.6121 -16.0092
-75.4103 -22.6656
-71.7435 -34.8611
-99.2287 -12.2289
-79.3591 -44.1972
-85.6838 -56.879
-81.3108 -49.5818
-147.709 -23.6445
-78.0932 -9.24748
-67.7597 -19.8333
-81.8861 -20.0135
-109.144 5.8871
-89.5837 -25.3163
-112.88 10.7744
-94.072 -3.56425
-94.685 -6.59237
-122.892 -3.167
-100.253 -7.36279
-94.2034 6.84499
-91.981 -12.2717
-104.304 -24.9061
-98.7044 -29.4782
-109.514 -19.5647
-126.722 -21.7034
-137.083 -53.9782
-140.592 19.0657
-98.7157 -10.9651
-140.905 49.2476
-133.492 22.3061
-89.1257 -3.4386
-118.845 2.55658
-105.884 20.7756
-105.012 -33.7132
-156.597 51.0541
-136.168 24.8665
-103.585 9.01737
-153.927 22.9938
-158.533 14.7206
-143.588 2.17547
-153.376 9.87982
-141.405 1.20138
-91.1313 -39.7317
-136.316 11.4877
-148.485 2.65734
-136.555 11.412
-146.057 19.1611
-135.381 8.56417
-152.007 8.27384
-153.351 -12.1739
-129.324 17.1811
-82.4151 -30.2421
-74.7862 -5.9435
-102.289 3.54033
-92.9871 -24.1409
-96.1812 -4.3377
-135.343 12.972
-149.622 16.7252
-91.8036 -6.22277
-146.189 -9.82799
-119.515 -4.48048
-110.786 -29.2578
-86.4833 -5.14685
-90.4121 -22.0085
-152.898 2.68343
-78.5044 -8.68607
-93.7099 -23.9786
-83.2799 -18.8653
-97.3032 -11.877
-114.227 -2.72534
-98.516 9.95007
-113.592 6.33456
-86.3393 -20.9861
-113.897 -4.76683
-81.8773 -23.2947
-99.6321 -32.1515
-91.227 -20.68
-84.8066 -7.11356
-81.7226 -7.25068
-106.422 8.59096
-81.6673 -11.8299
-103.351 -14.1878
-92.3642 -13.5881
-105.36 1.57843
-89.1389 -15.7688
-87.2867 -19.7277
-78.1236 -21.8137
-70.0943 -45.5321
-75.2352 -24.4625
-95.6351 -42.7664
-85.7521 -37.2638
-72.4464 -37.0844
-70.371 -27.1949
-78.9368 -37.8972
-65.896 -49.6698
-79.8789 -37.6128
-88.728 -24.5175
-72.2488 -68.0518
-92.6729 -13.1725
-97.588 -6.17406
-88.4811 -67.8403
-111.081 -25.9792
-101.419 -21.4949
-74.4005 -40.0413
-67.6955 -28.5927
-71.5275 -14.519
-71.6709 -20.3406
-112.862 -21.6151
-72.5651 -17.165
-94.7379 -29.77
-86.653 -25.2348
-88.7064 -20.8114
-93.6542 -26.7681
-87.5829 -35.8693
-104.634 -20.7729
-88.1395 -19.9793
-94.7648 -29.8141
-72.8967 -11.2677
-94.0649 -10.4895
-78.9134 -18.954
-79.8162 -24.4007
-61.7351 -37.4533
-75.1443 -35.9237
-92.3055 -29.4701
-79.9988 -9.84554
-67.7531 -42.7058
-74.6539 -19.9593
-65.9158 -22.5315
-80.7496 -23.7692
-70.069 -26.6493
-78.4579 -14.7215
-89.7216 -24.302
-62.165 -43.826
-100.631 -6.46642
-91.8031 -5.17911
-86.9873 -28.0087
-60.371 -28.1805
-77.0123 -25.8668
-53.4438 -19.5061
-76.8612 -21.668
-105.126 2.96801
-106.423 -6.41686
-84.8117 -41.0543
-97.9091 -27.2907
-71.6347 -20.4284
-80.5865 -26.8848
-75.5104 -25.2611
-81.6487 -42.3182
-76.2415 -41.8017
-86.3122 -59.7426
-62.6395 -33.7782
-86.0418 -35.5492
-79.8708 -9.18541
-99.059 -25.3041
-88.7393 -23.6475
-63.8427 -41.0363
-84.9653 -35.094
-80.0651 -41.5835
-65.8518 -17.1767
-79.8396 -22.0647
-109.344 -7.96373
-100.502 2.35543
-76.8501 -24.4016
-83.8749 4.06963
-93.1752 -27.5595
-86.1479 -11.8939
-100.729 -5.67098
-61.3132 -27.8609
-77.8885 -14.7136
-87.9116 -35.664
-76.2096 -18.9454
-76.3662 -30.8488
-72.0191 -26.2793
-77.1715 -11.4391
-78.74 -13.3363
-52.2848 -39.798
-154.565 -39.0108
-136.095 -5.83314
-150.037 -13.736
-145.825 -35.0045
-153.631 -2.96161
-144.216 20.0113
-123.818 9.10448
-126.241 30.054
-92.7486 2.23808
-85.2068 -29.7913
-132.95 1.63219
-136.387 -35.1117
-67.1104 -52.3151
-75.0787 -32.7473
-70.348 -33.6667
-77.2312 -27.9583
-83.955 -43.0872
-60.6734 -51.1592
-85.2378 -23.8369
-58.1697 -50.3046
-125.88 22.4993
-82.7356 6.74017
-66.6909 -41.1342
-86.481 -16.985
-92.066 -5.54015
-98.2673 -18.0205
-99.1195 18.7492
-87.4404 0.870431
-84.1661 -39.8392
-71.3759 -37.0098
-133.616 -20.6854
-97.3183 -18.4771
-95.4258 -27.4826
-80.367 -18.1293
-82.0494 -19.1958
-59.2324 -33.223
-105.638 -8.12267
-83.8579 -4.64591
-97.9811 -16.0217
-85.8819 -15.8921
-102.332 8.88991
-93.431 -13.9509
-89.2308 -12.2461
-110.908 2.61299
-90.9053 6.82125
-104.623 -12.9938
-96.6737 -8.036
-90.2225 -13.1766
-119.45 -8.37048
-87.2998 -14.2282
-75.7481 -12.0476
-95.7528 -1.30491
-94.8943 -18.9609
-93.4611 -21.3537
-141.437 -14.0064
-153.533 -38.438
-149.657 23.4082
-152.035 27.9576
-129.31 27.9976
-124.59 -0.406382
-92.9641 -11.0591
-124.825 -6.67462
-88.2146 -20.5286
-55.122 -45.7149
-80.0848 -26.0398
-86.9068 -16.2297
-74.8063 -48.9896
-61.2687 -41.9707
-73.4525 -36.0397
-85.482 -13.8793
-84.1166 -24.8713
-85.3552 -20.8429
-88.4015 -7.91983
-66.205 -36.1089
-71.6828 -35.0104
-73.5295 -13.4943
-74.2182 -7.36833
-79.7589 -16.0805
-98.7541 -12.7622
-105.319 23.2524
-100.807 -18.7227
-90.0015 -17.6173
-92.998 -12.7751
-87.3837 -11.2656
-88.0707 -12.3903
-90.0046 -16.2195
-75.2148 -9.83113
-92.3438 -34.306
-76.1239 -22.5336
-97.9887 -14.1405
-117.197 -32.2559
-71.8723 -27.9686
-68.4665 0.535589
-78.1788 -31.5148
-92.1852 -16.9342
-80.967 -25.4429
-79.4443 -12.3468
-104.036 -33.5581
-81.669 -11.013
-69.681 -41.1278
-85.5204 -4.74693
-125.667 -18.422
-94.568 -13.3759
-83.9965 -23.7712
-100.27 -16.6392
-121.11 -9.52923
-111.581 -0.138476
-90.0956 -14.0667
-76.2257 -37.5789
-74.4509 -33.0728
-86.9038 -8.44378
-77.2035 -11.5592
-83.4796 -21.5317
-80.7123 -36.4361
-84.3322 -26.6532
-71.3442 -30.8894
-109.917 -10.5795
-77.5079 -16.3694
-88.3783 -0.426126
-110.878 0.905254
-80.8742 -9.5705
-92.1484 -13.4612
-85.9553 -13.0329
-87.4266 -23.7157
-113.622 28.1029
-105.015 -8.87865
-102.58 -23.0484
-88.9401 -6.83323
-74.4531 -12.6234
70.7692 -1.0122
82.0065 31.5072
66.396 36.855
76.5796 27.3582
63.9987 36.4135
65.6419 19.5275
86.2986 28.3421
92.3955 27.6408
91.5609 11.8475
62.1485 28.0178
84.9592 17.033
93.1014 31.9872
102.69 -1.13229
108.524 19.856
81.5804 21.8821
61.7947 21.9682
80.1112 31.405
59.1168 32.1793
81.5396 26.8025
88.351 39.0044
93.6751 14.2261
90.6701 4.17364
89.2389 27.2606
67.7258 23.2177
81.1077 9.5155
85.9135 24.1478
78.3045 24.6829
76.9246 33.1449
86.5281 33.8273
62.4726 30.2691
77.4689 46.6028
76.965 17.0829
79.5053 15.8118
96.6025 7.07795
90.6849 8.23309
64.227 45.3482
69.6582 49.3784
-58.8743 -34.1313
-80.6916 -25.413
-76.0418 -45.5455
-51.4249 -54.9167
-67.6526 -33.7037
-87.5907 -9.00639
-86.2744 -35.984
-51.5914 -39.1407
-39.4101 -47.3821
-66.8722 -48.1064
-72.6766 -23.005
-98.6526 -10.6748
-93.9028 -20.4979
-68.3548 -33.285
-89.5803 -12.4826
-81.1516 -19.2186
-77.0642 -25.5936
-73.6356 -30.4281
-61.1834 -27.6743
-72.3919 -20.7327
-61.3708 -22.2143
-56.2405 -41.4546
-72.9907 -55.3167
-75.8726 -32.7559
-95.7948 -16.9461
-82.7378 -4.96475
-101.796 0.437902
-97.4223 -6.6174
-86.9524 -16.0448
-131.629 -10.1972
-161.21 -31.5365
-113.032 -7.86609
-98.7959 -20.9704
-128.707 -0.0713262
-131.327 12.2432
-142.534 -26.3293
-139.424 1.36759
-151.107 15.6064
-152.278 42.1619
-136.043 11.3602
-128.017 8.10557
-101.473 10.4845
-98.493 -4.48113
-127.647 52.31
-153.041 15.1863
-135.502 29.9838
-108.997 -15.7201
-114.227 -4.34758
-111.813 7.89593
-102.413 -0.410216
-127.546 6.17463
-78.8756 -16.9665
-123.859 -17.0816
-154.062 -45.386
-127.066 -10.4312
-129.902 -16.555
-110.476 -12.4061
-134.486 10.2049
-133.713 -9.57035
-152.754 5.25911
-114.003 -9.73167
-119.029 -5.5712
-95.7038 -27.4033
-110.892 -13.1691
-131.06 23.1416
-133.779 2.07669
-126.358 -22.0872
-77.5603 -36.3416
-81.161 -35.9662
-86.1083 -15.3506
-87.4239 -31.6093
-69.6579 -30.8263
-73.9168 -13.1382
-73.8288 -30.0474
-81.261 -20.1029
-99.7685 -17.1235
-77.9456 -17.624
-85.9806 -16.003
-95.4593 -9.44814
-112.596 -8.32763
-93.2857 -8.16633
-74.1762 -19.5388
-79.4549 -28.927
-72.2455 -41.2102
-60.8263 -35.1809
-72.1102 -14.0743
-87.4481 -19.3886
-81.0939 -16.0019
-77.5868 -13.1846
-67.7603 -31.7428
-85.7907 -1.35075
-68.8563 -22.6564
-74.1765 -25.819
-66.2793 -30.3665
-92.7957 -11.5743
-80.6407 -43.9956
-70.5831 -29.9712
-87.0864 8.11235
-83.4085 -33.2606
-92.6178 -24.7955
-90.6045 -29.9427
-63.5803 -28.466
-64.9747 -12.5078
-69.4333 -20.3597
-94.2362 -22.4006
-103.086 -23.7172
-94.9898 -29.6137
-77.0844 -9.57126
-108.901 9.37884
-98.8212 -22.0447
-89.8047 -13.4442
-147.704 16.4839
-159.128 13.8081
-79.7238 -12.4791
-89.2208 9.7992
-83.7358 -20.0822
-70.7195 -33.972
-72.5389 -4.80261
-88.2538 -10.1723
-76.8295 -24.1598
-87.5306 -13.0396
-103.634 -0.441905
-97.5915 -19.8087
-80.4781 -7.21262
-120.786 1.26021
-110.47 12.5377
-135.782 7.91676
-143.977 15.1116
-140.806 -31.4972
-110.728 4.2379
-140.834 -16.1596
-99.2724 -25.2824
-104.947 1.77652
-87.5092 -16.23
-80.6553 -19.0506
-82.6315 -26.9089
-99.3477 3.70243
-108.317 -9.26071
-88.5085 -10.0479
-130.814 -11.39
-116.066 -8.54656
-139.409 20.5271
-98.661 18.2685
-144.633 4.96657
-131.286 6.75119
-135.982 28.0038
-137.297 7.51784
-142.479 11.8939
-136.579 8.23721
-91.7729 -2.27933
-104.453 -10.8447
-79.0913 -40.8286
-91.9525 -23.1975
-101.504 -15.7637
-70.455 -56.1345
-76.9822 -18.9104
-68.3653 -33.5736
-91.1824 -17.5948
-79.8336 -4.37327
-75.4412 -18.8323
-89.0054 -12.7369
-90.6991 -33.6669
-80.3635 -32.4397
-93.1271 -33.7805
-60.1787 -32.1525
-106.362 13.2144
-77.516 -32.6335
-94.0733 -13.8101
-71.0013 -4.9813
-96.4475 -0.573349
-89.1785 9.12901
-88.473 -31.0186
-77.353 -30.6354
-81.6276 -13.5573
-77.5871 -14.3285
-90.6422 -20.7636
-91.5866 -13.9463
-133.603 8.27896
-136.325 -38.5469
-93.7044 -23.338
-129.414 14.672
-102.567 5.61444
-85.2538 -20.2744
-103.514 -31.7661
-105.015 -7.9004
-122.016 18.9848
-95.3396 -16.8402
-84.4037 -14.6647
-76.7524 -57.503
-78.8183 -35.3007
-90.2253 -21.4585
-106.21 0.411645
-111.842 -0.688986
-99.3071 -15.872
-90.7235 1.11012
-104.8 -11.3422
-132.072 0.495746
-102.579 -19.9651
-141.572 17.7075
-118.659 0.762075
-108.175 -7.22784
-131.329 13.9981
-132.603 -1.02851
-151.428 34.7386
-130.694 -27.873
-119.783 -2.20443
-133.249 8.63656
-70.5649 -47.8267
-121.821 0.411645
-96.9555 -18.4081
-135.972 5.01915
-143.738 8.50531
-105.921 -4.32934
-131.644 -1.13987
-124.153 -8.79053
-120.995 17.1929
-86.1624 14.6535
-142.131 12.4421
-84.5459 -18.7474
-117.962 -0.666466
-142.306 -5.17173
-167.082 29.6925
-129.349 1.94098
-146.576 30.2341
-146.528 -35.6845
-161.247 -56.9579
-130.24 0.131221
-167.515 7.69434
-91.5066 -4.69715
-117.142 -44.2812
-135.867 5.88357
-126.789 -22.9975
-102.09 -2.8431
-115.809 0.580809
-103.668 1.69916
-102.626 -17.3665
-86.2534 0.539592
-134.601 13.8602
-91.9338 -4.38016
-86.6686 -18.1513
-103.953 -21.3632
-74.7494 2.25142
-91.4711 -36.6473
-82.47 -12.6673
-86.8844 -14.8424
-75.2495 3.47046
-100.956 -44.189
-154.301 4.92637
-121.656 24.8391
-157.211 2.04124
-113.788 -1.35494
-132.183 19.6964
-59.709 -24.9454
-167.743 -26.0432
-78.9582 -35.0841
-74.9682 -24.3219
-118.397 29.281
-94.0714 8.96111
-107.58 4.34695
-96.3891 -2.49928
-87.3135 -15.1778
-79.509 -20.4581
-77.4625 -49.059
-82.8936 -14.2056
-75.297 -39.5391
-149.232 4.8154
-141.245 12.612
-149.442 10.6714
-93.3979 -3.56546
-72.4429 -11.1126
-79.4178 -0.730881
-80.3922 -31.8246
-85.9561 -29.5997
-74.6027 -44.8587
-79.1732 -54.8929
-88.7221 -13.5007
-63.7674 -50.0393
-90.8061 -17.6306
-74.927 -28.1218
-72.0424 -20.0266
-67.8079 -27.3449
-78.774 -18.1531
-84.5339 -16.8156
-87.1584 -26.2096
-59.0703 -39.966
-84.6117 -51.279
-59.0368 -36.3154
-67.3415 -35.6712
-72.866 -18.4532
-89.2955 -2.60962
-75.638 -41.7742
-66.3189 -55.1482
-85.125 -38.4314
-71.3182 -51.6025
-68.6685 -26.2547
-88.7721 -25.5169
-75.8869 -52.1858
-83.5505 -28.5867
-80.2658 -25.6093
-75.8053 -37.0773
-71.5339 -44.4243
-57.4503 -46.3678
-71.3648 -48.8853
-102.689 -25.5143
-90.7009 -27.3946
-73.0223 -50.806
